1139
1160
1133
1143
1126
1142
1144
1169
1164
1126
905
908
920
946
908
903
921
940
915
910
1033
1039
1024
1016
1038
1030
1048
1051
1048
1032
2762
2746
2758
2739
2763
2778
2779
2774
2791
2756
2058
2048
2063
2051
2025
2057
2055
2029
2035
2054
2274
2271
2248
2270
2281
2290
2258
2301
2301
2276
4621
4612
4628
4596
4623
4618
4636
4575
4603
4653
3244
3276
3201
3266
3239
3260
3195
3255
3288
3260
3608
3601
3590
3624
3636
3577
3631
3638
3656
3606
6611
6591
6609
6604
6628
6605
6595
6574
6637
6626
4476
4567
4509
4451
4513
4493
4487
4501
4468
4524
4977
4977
4980
5023
4949
4988
5012
4984
4957
4966
8726
8732
8665
8696
8694
8668
8666
8663
8725
8723
6001
5931
5925
5922
5968
5966
5930
5915
5926
5956
6084
6168
6155
6089
6127
6131
6133
6091
6100
6138
10911
10885
10929
10875
10809
10897
10926
10832
10853
10915
7133
7091
7048
7074
7170
7027
7067
7052
7132
7119
7818
7913
7808
7886
7821
7812
7828
7831
7830
7857
13180
13145
13219
13163
13175
13191
13093
13101
13227
13137
8516
8521
8398
8406
8375
8442
8423
8374
8415
8395
9297
9335
9375
9338
9431
9398
9375
9376
9464
9351
15480
15511
15455
15447
15532
15487
15532
15399
15445
15485
9888
9804
9795
9747
9791
9873
9821
9823
9868
9769
10833
10740
10791
10761
10776
10675
10791
10727
10713
10708
17880
17844
17898
17779
17929
17859
17908
17972
17860
17904
11277
11257
11280
11339
11324
11320
11350
11280
11392
11350
12066
12202
12082
12085
11998
12164
12117
12077
12167
12110
20296
20302
20234
20258
20274
20309
20251
20212
20279
20301
12871
12939
12924
12937
12946
12842
12871
12904
12943
12915
13293
13245
13208
13275
13318
13269
13265
13255
13241
13211
22759
22617
22786
22804
22729
22773
22824
22800
22758
22729
14124
14116
14135
14148
14223
14089
14096
14099
14216
14126
14970
14982
15133
15117
15068
15069
14990
15023
15111
14965
25325
25271
25224
25272
25307
25210
25418
25274
25265
25334
15453
15465
15488
15312
15297
15374
15310
15209
15407
15265
16989
16957
16779
16805
16898
16883
16931
16771
16815
16943
27834
27889
27854
27847
27854
27880
27813
27759
27966
27841
16978
16776
16868
16684
16854
16672
16995
16882
16790
16826
18516
18556
18629
18623
18481
18612
18660
18657
18505
18534
30512
30546
30454
30352
30378
30446
30495
30477
30530
30414
18048
18312
18178
18258
18242
18161
18219
18166
18299
18209
20211
20213
20127
20012
20192
20260
20218
20078
20137
20140
33071
33166
33044
33014
33195
33031
33072
33127
33122
33140
19698
19738
19669
19732
19678
19722
19810
19923
19747
19695
21621
21549
21632
21644
21600
21673
21792
21639
21482
21510
35760
35728
35762
35770
35785
35820
35714
35708
35744
35685
21326
21349
21289
21251
21330
21320
21290
21186
21334
21256
23179
23198
23220
23183
22984
23159
23194
23109
23174
23023
38430
38467
38343
38457
38433
38380
38371
38394
38371
38504
22692
22810
22735
22631
22728
22731
22778
22753
22734
22643
24729
24744
24660
24673
24740
24647
24745
24679
24789
24616
41199
41094
41071
41196
41179
41178
41201
41126
41114
41124
24474
24491
24413
24476
24389
24440
24416
24308
24563
24472
25968
26010
25978
26082
25930
26043
25969
26054
26003
25976
43896
43901
43840
43882
43904
43835
43819
43878
43806
43821
26122
26109
25950
26054
26144
26068
25968
26027
26084
26069
27283
27304
27324
27346
27336
27298
27301
27352
27399
27380
46594
46638
46652
46774
46714
46509
46562
46608
46643
46669
27919
27885
27816
27907
27879
27989
27877
27893
27888
27829
28489
28549
28480
28513
28497
28577
28426
28556
28558
28552
49314
49385
49310
49345
49374
49397
49388
49413
49263
49307
29336
29398
29390
29348
29376
29245
29381
29373
29439
29389
30277
30221
30252
30146
30237
30180
30255
30084
30093
30164
52304
52199
52255
52193
52198
52112
52166
52267
52210
52156
30435
30542
30477
30525
30495
30576
30552
30579
30439
30547
32300
32333
32342
32368
32222
32305
32357
32362
32268
32436
55087
55025
55032
54974
54979
55109
55027
55081
55026
55012
31792
31825
31800
31913
31976
31906
31741
31874
32013
31867
34225
34188
34127
34158
34279
34158
34102
34272
34303
34279
57948
57792
57836
57863
57943
58025
58016
57891
57935
57827
33237
33069
33128
33045
33202
33039
33256
33263
33210
33158
36118
36175
36074
36078
36258
36101
36080
36077
36310
36100
60780
60743
60794
60852
60738
60745
60761
60773
60820
60764
34641
34488
34640
34681
34529
34773
34557
34733
34794
34606
37985
37808
37862
37878
37742
37812
37736
37893
37754
37734
63759
63635
63620
63704
63595
63741
63785
63622
63653
63741
36314
36468
36291
36326
36241
36221
36296
36193
36154
36116
39617
39727
39775
39685
39639
39527
39565
39606
39661
39583
66667
66655
66646
66675
66678
66614
66493
66596
66502
66605
37627
37636
37741
37518
37583
37688
37534
37621
37612
37496
41569
41534
41454
41357
41270
41381
41428
41618
41341
41507
69411
69466
69328
69426
69415
69468
69665
69580
69466
69573
39240
39303
39343
39328
39320
39262
39307
39291
39295
39106
43075
43201
43260
43148
43066
43168
43070
43052
43097
43200
72460
72354
72530
72206
72433
72521
72527
72429
72305
72376
40739
40820
40775
40821
40773
40750
40847
40858
40921
40832
44770
44751
44745
44837
44758
44651
44803
44731
44791
44902
75463
75399
75309
75285
75520
75582
75304
75231
75364
75169
42630
42703
42713
42633
42463
42634
42443
42460
42445
42558
46200
46262
46201
46271
46325
46256
46259
46224
46181
46338
