0.007613
0.006967
0.006617
0.006863
0.007642
0.007155
0.006727
0.007153
0.006812
0.007148
0.005819
0.004506
0.004253
0.004856
0.004865
0.00467
0.004202
0.0043
0.004145
0.003802
0.005082
0.004306
0.004643
0.005018
0.009027
0.006087
0.005722
0.005419
0.005501
0.00506
0.016114
0.017557
0.015473
0.015526
0.01492
0.015493
0.014893
0.016805
0.015221
0.01567
0.01337
0.008471
0.010104
0.009238
0.00929
0.009987
0.008681
0.008217
0.008114
0.00833
0.011058
0.009202
0.00885
0.009093
0.00856
0.008308
0.009122
0.012501
0.00919
0.008927
0.029056
0.024672
0.024737
0.025908
0.025802
0.026192
0.025723
0.024346
0.024729
0.024829
0.017093
0.014552
0.013698
0.0135
0.013671
0.014039
0.014959
0.012543
0.014114
0.014754
0.017101
0.015098
0.014734
0.014545
0.014595
0.014965
0.015312
0.014767
0.014119
0.01296
0.040428
0.037734
0.037838
0.036628
0.036936
0.038561
0.036735
0.036423
0.037621
0.039226
0.020981
0.020583
0.020302
0.020196
0.018741
0.018479
0.020096
0.020233
0.018881
0.020875
0.02181
0.020425
0.019921
0.019741
0.019685
0.021398
0.022532
0.020069
0.020237
0.019555
0.049528
0.050096
0.048311
0.04694
0.048459
0.049069
0.0497
0.048195
0.047673
0.048843
0.027938
0.024779
0.031499
0.025216
0.022358
0.025638
0.023715
0.025183
0.025477
0.02439
0.025969
0.025357
0.025333
0.024572
0.023635
0.022942
0.024359
0.022071
0.023875
0.022223
0.062249
0.056526
0.056561
0.056922
0.061485
0.05964
0.059376
0.058253
0.060111
0.058589
0.035008
0.031302
0.029795
0.032278
0.028766
0.030959
0.028737
0.029364
0.02867
0.030612
0.032534
0.030385
0.031219
0.03
0.03303
0.030981
0.032714
0.030016
0.030729
0.030658
0.075585
0.07141
0.073024
0.07203
0.077156
0.071811
0.070454
0.070993
0.074537
0.074179
0.037679
0.040013
0.037502
0.036542
0.036534
0.035779
0.033977
0.035267
0.034915
0.035466
0.037695
0.034941
0.036098
0.036967
0.03556
0.035759
0.033854
0.034827
0.03752
0.04145
0.080545
0.083601
0.083854
0.078898
0.079607
0.077453
0.078095
0.079942
0.083187
0.080192
0.041111
0.040634
0.040938
0.03875
0.038362
0.039521
0.040888
0.03725
0.039376
0.042233
0.042319
0.041718
0.041789
0.042259
0.039015
0.038093
0.037196
0.038359
0.041114
0.044136
0.100395
0.096336
0.093739
0.096656
0.090942
0.095102
0.096426
0.099063
0.097464
0.09532
0.047281
0.046581
0.046387
0.045557
0.045524
0.045745
0.05623
0.048806
0.048452
0.046582
0.050196
0.05256
0.049633
0.048563
0.047429
0.049438
0.048103
0.045983
0.04466
0.045716
0.114908
0.108905
0.104089
0.106858
0.111373
0.109771
0.107173
0.105042
0.107226
0.108512
0.05382
0.090844
0.0935
0.054059
0.052019
0.051838
0.054778
0.05079
0.051811
0.054064
0.054139
0.048807
0.047716
0.052975
0.048427
0.049596
0.052319
0.05072
0.049251
0.051759
0.120787
0.122514
0.115079
0.113262
0.113119
0.120919
0.11198
0.113179
0.114827
0.113588
0.061641
0.058494
0.053265
0.053813
0.05332
0.05309
0.05179
0.050745
0.057258
0.05496
0.060525
0.056503
0.056542
0.059952
0.058663
0.056257
0.055004
0.054752
0.056548
0.055432
0.133845
0.133178
0.127168
0.126061
0.127377
0.131161
0.128115
0.12541
0.123522
0.12588
0.067408
0.064143
0.071364
0.065878
0.065296
0.074295
0.062286
0.063837
0.064095
0.064127
0.069051
0.064816
0.06902
0.069226
0.065175
0.06238
0.066719
0.06803
0.066326
0.064711
0.159299
0.14816
0.15141
0.143261
0.144076
0.141909
0.14639
0.143702
0.133463
0.146037
0.074516
0.06798
0.073995
0.066368
0.072
0.06618
0.069009
0.068234
0.070139
0.070552
0.074548
0.072115
0.072881
0.079233
0.070106
0.069775
0.068806
0.070439
0.070248
0.075753
0.16613
0.158728
0.15958
0.159297
0.158068
0.156968
0.165458
0.162596
0.161431
0.155323
0.078359
0.074337
0.076639
0.079909
0.075611
0.075379
0.073007
0.066844
0.0733
0.072846
0.079031
0.071185
0.069479
0.072937
0.069257
0.072417
0.075535
0.075869
0.071876
0.071789
0.174104
0.170175
0.171691
0.164844
0.165336
0.158478
0.171787
0.167482
0.169698
0.164071
0.078254
0.082288
0.080948
0.085123
0.078868
0.082528
0.084345
0.084727
0.078805
0.074478
0.080067
0.084796
0.074259
0.076517
0.076272
0.082338
0.078528
0.07517
0.078642
0.079222
0.182948
0.188412
0.17409
0.182638
0.174643
0.187234
0.17589
0.187255
0.176022
0.18318
0.098081
0.084125
0.082259
0.082648
0.081854
0.081977
0.080284
0.08747
0.082803
0.088182
0.089714
0.091075
0.083909
0.082455
0.082143
0.087456
0.08159
0.084279
0.084313
0.083454
0.196487
0.188673
0.185739
0.189119
0.196841
0.194192
0.190291
0.185574
0.193706
0.19484
0.09673
0.09741
0.10446
0.091126
0.096427
0.095845
0.093155
0.092316
0.09354
0.091496
0.099704
0.092976
0.100163
0.092772
0.09611
0.096912
0.096967
0.09361
0.102975
0.097456
0.216057
0.215936
0.209365
0.209621
0.213039
0.209952
0.210184
0.210324
0.210093
0.213275
0.107618
0.100937
0.096329
0.098125
0.093544
0.103412
0.098921
0.10158
0.096111
0.104206
0.103288
0.102298
0.10042
0.102002
0.10158
0.101598
0.103505
0.099238
0.099098
0.097884
0.233143
0.228588
0.224453
0.224743
0.226838
0.225358
0.225923
0.22221
0.231485
0.224494
0.10974
0.104873
0.106116
0.100522
0.099706
0.101019
0.107608
0.101448
0.109013
0.103049
0.112041
0.105756
0.09626
0.104523
0.104463
0.104158
0.107474
0.10113
0.110203
0.107803
0.239959
0.243958
0.241823
0.24102
0.252109
0.251284
0.250457
0.254147
0.257734
0.257665
0.124185
0.115186
0.123616
0.121496
0.118482
0.123313
0.123468
0.115555
0.118082
0.120128
0.123631
0.119498
0.121182
0.115374
0.118142
0.120156
0.118366
0.122683
0.11611
0.122673
0.272768
0.276155
0.272155
0.277127
0.296344
0.284913
0.276911
0.280226
0.271016
0.272932
0.131319
0.130061
0.126558
0.131813
0.134764
0.135703
0.13045
0.133098
0.128664
0.124975
0.136606
0.127447
0.12816
0.122439
0.139612
0.131692
0.135321
0.141128
0.144461
0.143223
0.326067
0.310144
0.308506
0.311508
0.308362
0.311214
0.297387
0.300834
0.297788
0.309125
0.141864
0.136135
0.138773
0.143506
0.136576
0.134376
0.132622
0.128975
0.14018
0.130639
0.137986
0.143981
0.13291
0.128968
0.134599
0.131114
0.127612
0.132531
0.133807
0.131652
0.304744
0.298406
0.29441
0.292929
0.302571
0.306378
0.307055
0.289163
0.298009
0.299697
0.135361
0.135452
0.135136
0.131743
0.135864
0.13845
0.132224
0.136728
0.137931
0.14025
0.156679
0.139733
0.141674
0.142953
0.139828
0.149891
0.144145
0.143538
0.135429
0.144486
0.32689
0.321742
0.316178
0.322504
0.313421
0.310219
0.320037
0.33023
0.318122
0.315595
0.158142
0.144379
0.142934
0.150783
0.153187
0.156965
0.144211
0.14986
0.152378
0.153372
0.163656
0.150437
0.148093
0.150977
0.156366
0.150408
0.153813
0.157016
0.159181
0.15237
0.342235
0.337769
0.338987
0.337927
0.361694
0.339297
0.34314
0.337986
0.338776
0.358598
0.159468
0.153126
0.155528
0.154793
0.151089
0.148935
0.152705
0.156387
0.153123
0.151361
0.164453
0.154298
0.156679
0.151253
0.160485
0.153862
0.160473
0.15697
0.204852
0.186076
0.387857
0.368835
0.393752
0.373979
0.365169
0.373503
0.367349
0.375383
0.369482
0.358157
0.180812
0.162562
0.169105
0.174338
0.165914
0.158943
0.166632
0.171663
0.153564
0.168167
0.165279
0.169716
0.164345
0.163553
0.170315
0.178523
0.171134
0.179234
0.168743
0.174579
0.386888
0.370792
0.375137
0.369887
0.378674
0.376484
0.385459
0.369645
0.367456
0.377113
0.171201
0.184255
0.166821
0.186597
0.173628
0.175399
0.183476
0.179531
0.171793
0.187974
0.186724
0.193144
0.195299
0.192331
0.184304
0.197889
0.190725
0.186536
0.199795
0.192069
0.428922
0.399891
0.396599
0.394166
0.409035
0.397597
0.414664
0.38607
0.399713
0.41785
0.196462
0.180773
0.194062
0.183598
0.187365
0.177285
0.198426
0.18691
0.201731
0.181435
0.212359
0.215597
0.205113
0.220756
0.20976
0.206052
0.207804
0.202385
0.19702
0.197769
0.429022
0.410941
0.421576
0.400602
0.410502
0.408824
0.432304
0.403856
0.424043
0.398016
0.21581
0.188376
0.209869
0.183616
0.203576
0.183467
0.20915
0.17591
0.202873
0.188171
0.190678
0.204759
0.199153
0.209593
0.308948
0.214382
0.224711
0.234711
0.222945
0.212967
0.476976
0.453493
0.463659
0.44209
0.453026
0.424654
0.41781
0.429522
0.41951
0.42886
0.225587
0.199708
0.221816
0.198343
0.211302
0.190368
0.190819
0.212559
0.19504
0.19551
0.21123
0.209926
0.218493
0.207096
0.19989
0.205924
0.209277
0.209462
0.210197
0.212781
