844
901
994
920
823
945
920
941
1006
1110
1191
1127
1535
1201
1469
1145
1387
1109
1567
1215
1425
1445
1433
1435
1417
1433
1392
1468
1406
1375
2151
2122
2192
2023
2227
1899
2007
2067
2159
2112
3185
2730
2714
2846
3152
3654
3529
3166
2830
2797
3265
3119
3154
3214
3204
3146
3289
3227
3275
3260
3483
3951
3770
3397
3767
3518
3362
3521
3487
3493
5457
5366
4908
4403
5232
5211
4705
5187
5230
4964
5507
5368
5413
5384
5406
5332
5486
5396
5387
5401
4616
4766
5125
4799
5317
5135
4810
5354
5169
5175
7423
7758
7005
7166
6652
7181
7219
6889
7124
7202
8028
7996
8088
7999
7949
7945
8077
8001
7944
7961
7405
6668
6693
8057
6203
6425
7622
6873
6061
6327
10156
9618
9090
9779
10227
9658
9176
9055
9446
9920
11128
11153
10950
11359
11307
11254
11287
10885
11009
11013
8975
8346
8465
8137
7867
7814
9395
8929
7560
7629
12610
12252
11603
12306
12341
12911
13057
12485
11683
12246
14924
14289
14667
14508
14999
14934
14713
14604
15070
14339
10353
9297
10940
11537
9567
9149
9297
9548
9122
9206
14964
15474
15189
15429
14630
15097
14916
15474
15581
15019
18735
18743
19348
19442
18149
19146
18944
18709
18467
18555
12155
12571
11149
11271
10737
12643
12889
12262
10966
11862
18755
18460
17440
17960
18376
18286
18019
18110
18246
18352
22524
23850
23253
22539
23490
23662
23098
23034
22703
23998
12744
12162
13474
13289
12072
12818
14882
12867
12932
12962
21007
22806
21044
20703
22476
21763
21442
22939
21587
20912
28602
28747
29515
28366
27954
29192
28384
27459
29565
28529
14134
15393
15874
16153
15699
14860
14466
13711
14999
15269
25281
25631
25566
25504
24955
24763
24760
25003
25148
25822
35024
34803
34194
34837
35382
35869
34446
35579
35895
34173
15311
18061
17821
17524
17377
16609
15693
17004
15733
17952
28622
28810
29010
29354
29311
29001
29070
28566
29066
27447
39105
39972
39010
40469
41286
41247
40621
41706
39586
40689
18207
19484
18634
24088
21135
19279
19434
17972
19779
18616
32090
33081
32870
33813
34031
33877
33985
33491
34179
34163
47950
48489
48300
46436
49602
46824
48457
48599
48843
47182
21176
18620
18319
22452
19307
19822
20902
19720
22083
19603
37563
37628
38195
38512
38375
36482
37896
37856
37515
36951
58278
55487
56706
54277
53921
55136
55683
55313
57109
55114
21434
22853
21573
20950
21307
24049
22852
26554
23104
23720
42576
42389
42438
42556
42530
43036
43206
41183
41990
41804
65040
61093
63248
63834
62160
61000
65063
63340
63840
63351
23009
26133
24284
25465
22460
24129
25182
23352
26168
22313
47419
46853
47675
47876
46695
47487
47118
47170
47422
47613
70365
72756
70736
73329
72152
71509
69935
72352
69602
71296
28706
24107
29115
24435
26532
25928
27081
29238
24319
26777
53032
52278
52823
51453
52952
51305
51816
52569
52188
53333
77304
80440
79267
79156
81774
82444
80573
81537
81758
80843
26281
31226
27949
26344
27679
26932
26236
30469
30326
29268
58894
58748
57289
56974
58740
58401
57610
57248
58370
57583
92397
90581
87305
89139
90419
90393
90940
86261
88667
90017
30415
30416
32339
29018
31464
30388
28361
33291
28569
33491
61728
63422
63402
64031
63495
64083
63542
62413
63937
63356
100303
100677
94196
95913
99201
98227
99048
98484
100888
99701
32276
32211
30591
31918
30515
32038
32100
32576
30548
32681
70171
70431
71236
69521
69128
68249
71009
68855
67287
71202
108395
112628
109555
104035
104968
109746
107338
106388
108021
111877
33722
38014
33654
32737
32714
31975
30777
32646
35194
33319
74173
76596
76729
74616
74191
77133
74585
75348
74229
75199
119318
118695
122097
117931
115962
118074
119778
116774
113978
117516
33503
37648
32931
36086
33266
33545
35015
38092
42626
34167
81433
82500
84627
81904
82240
81016
84869
82914
81527
83641
134681
129292
127635
127579
130830
129931
129384
130146
133366
129203
35709
37412
39910
38367
35641
37900
36768
35675
35661
34911
89869
91749
89699
89389
88888
89654
87903
86274
90452
89484
139082
136729
137464
139217
136835
146145
135072
138468
142602
139755
38134
37172
44333
46435
39538
37382
38995
37408
40176
42015
96213
98305
97289
96619
95822
96308
96173
95350
95522
96460
152471
151405
151202
148380
151123
148427
151396
150379
149805
146149
44789
41138
39861
44626
41233
44786
41757
41874
42251
40976
101263
104956
101472
103345
102937
102152
104762
105840
103793
102505
160632
160922
161139
158723
163433
160898
161377
161551
157985
164000
40062
42138
39402
41529
41700
46735
47004
42923
46517
42932
108359
109793
114251
111638
111518
109345
109661
109025
110660
111510
169432
170687
173436
172357
168862
171682
173715
169753
175231
175629
42957
47770
43697
44943
43177
42373
44397
46678
43964
43484
117053
116479
118017
116994
120739
115531
117264
117464
115449
118405
185770
182295
188055
183830
180852
182894
177256
180769
188446
182512
46594
44723
47321
46487
45172
51681
45404
46941
46250
47946
125725
125792
126491
125475
126113
124357
127097
125631
126578
126171
190607
197785
194032
201222
195001
190944
194851
196021
192410
200036
52563
45700
45852
55571
48033
52994
46814
45285
45730
52883
134089
134856
132486
134371
133253
134013
133113
132212
134248
136451
211141
208399
205697
206899
207817
201218
208192
205174
212404
205349
53368
50616
47144
60395
51527
57473
51022
54535
47602
52865
142845
142547
142748
141333
142080
144819
141277
141654
143865
143478
221321
213808
216990
215835
227179
221599
219962
215801
214020
220021
53705
50157
51184
52911
55175
57182
58893
58033
51770
54433
152401
150883
150318
152137
151077
151073
150297
149145
152622
152324
236505
236914
237664
234318
230768
235796
233141
234567
235262
233073
