0.006769
0.005833
0.006483
0.005809
0.006339
0.005947
0.006312
0.006156
0.006028
0.005573
0.005053
0.004835
0.006298
0.004723
0.006018
0.00503
0.005366
0.004829
0.007
0.005285
0.004972
0.004868
0.004344
0.004713
0.004569
0.00484
0.004555
0.004826
0.004773
0.004371
0.013529
0.013746
0.013607
0.013537
0.012901
0.012605
0.013054
0.012932
0.012648
0.012587
0.013493
0.011254
0.010267
0.01062
0.01211
0.014075
0.014052
0.012248
0.012303
0.011259
0.010079
0.009872
0.008761
0.009773
0.010492
0.009301
0.009734
0.013223
0.009974
0.010093
0.020305
0.020228
0.020096
0.020019
0.019755
0.020258
0.019942
0.020062
0.019791
0.0203
0.023028
0.021113
0.020246
0.021618
0.020767
0.019453
0.018087
0.018018
0.020243
0.020166
0.015983
0.015257
0.014536
0.01688
0.014834
0.014669
0.014801
0.015529
0.020011
0.015487
0.028276
0.028265
0.029784
0.027976
0.028604
0.027337
0.028407
0.028406
0.027435
0.027856
0.027249
0.029586
0.028063
0.028731
0.025147
0.029413
0.028966
0.02766
0.02753
0.028343
0.023587
0.023409
0.023073
0.021666
0.021515
0.022167
0.022405
0.021809
0.021542
0.021822
0.037419
0.036813
0.037573
0.038564
0.035274
0.036355
0.03741
0.038283
0.034771
0.036438
0.036761
0.035451
0.033535
0.036169
0.041665
0.034545
0.035208
0.031588
0.032648
0.035721
0.029693
0.028828
0.028152
0.028786
0.032866
0.028618
0.028771
0.028505
0.028541
0.02836
0.047299
0.046691
0.046198
0.04586
0.043544
0.043746
0.044031
0.046111
0.046826
0.043898
0.046392
0.052776
0.04348
0.046731
0.047087
0.048749
0.047758
0.047175
0.042293
0.044355
0.038901
0.039647
0.035821
0.036296
0.038537
0.039412
0.038482
0.043303
0.037454
0.035408
0.06674
0.055426
0.059188
0.055488
0.05485
0.054127
0.055337
0.05595
0.053885
0.056428
0.065687
0.059361
0.054966
0.06258
0.058844
0.05859
0.056097
0.055731
0.060138
0.05961
0.047466
0.046175
0.050245
0.052796
0.046542
0.049141
0.049701
0.047352
0.042557
0.043814
0.063018
0.063818
0.067292
0.060644
0.060811
0.061648
0.062995
0.061584
0.063263
0.061719
0.067857
0.070423
0.066122
0.064393
0.063865
0.068355
0.067575
0.065111
0.06513
0.063558
0.055919
0.058713
0.058552
0.056292
0.058952
0.060424
0.060286
0.056256
0.054046
0.060287
0.074053
0.072645
0.073136
0.072884
0.074121
0.073738
0.07324
0.072891
0.07166
0.073761
0.082551
0.084228
0.073396
0.075908
0.084435
0.079728
0.08289
0.082778
0.075225
0.073788
0.069806
0.069496
0.07599
0.06641
0.066625
0.071774
0.06721
0.060623
0.064691
0.065162
0.077797
0.080201
0.080886
0.079349
0.086417
0.085163
0.082291
0.083982
0.081694
0.087091
0.090597
0.093802
0.094851
0.09966
0.098669
0.097867
0.102279
0.094959
0.09514
0.101665
0.088145
0.088487
0.081384
0.087893
0.084509
0.08753
0.097677
0.083163
0.093066
0.095968
0.09558
0.095724
0.094356
0.097225
0.094399
0.091789
0.089476
0.095504
0.092138
0.092681
0.111109
0.108928
0.108295
0.107309
0.105496
0.107738
0.105321
0.104769
0.101127
0.102207
0.091901
0.091564
0.087691
0.091491
0.09424
0.092479
0.0893
0.093042
0.089915
0.091978
0.101822
0.097596
0.096797
0.099106
0.101038
0.097394
0.101942
0.100935
0.102642
0.09988
0.127475
0.113837
0.122064
0.11475
0.120817
0.128551
0.123369
0.121921
0.131188
0.116661
0.107044
0.111371
0.109286
0.104334
0.107532
0.111798
0.108309
0.112445
0.103621
0.105542
0.110257
0.110441
0.106408
0.108487
0.112576
0.112277
0.106626
0.107727
0.1135
0.110224
0.134302
0.136594
0.132656
0.137482
0.133373
0.13308
0.136512
0.128582
0.143823
0.137131
0.135656
0.130998
0.12726
0.124942
0.135274
0.126297
0.130059
0.134113
0.130545
0.132364
0.124234
0.121799
0.119926
0.119155
0.120042
0.118972
0.122901
0.127842
0.118067
0.127441
0.159697
0.152367
0.152826
0.156737
0.14947
0.155653
0.151274
0.163925
0.144612
0.15412
0.147785
0.141362
0.142666
0.152856
0.138574
0.134645
0.138214
0.141374
0.14273
0.137651
0.12655
0.129338
0.126544
0.128664
0.123292
0.129405
0.128443
0.12417
0.13189
0.124989
0.180398
0.16336
0.16221
0.168484
0.169436
0.156613
0.156692
0.169032
0.164601
0.166853
0.150877
0.161361
0.145455
0.155607
0.151549
0.162206
0.151175
0.164872
0.148804
0.150184
0.13884
0.134916
0.141938
0.135632
0.13985
0.141038
0.13842
0.142381
0.143574
0.131359
0.188102
0.189925
0.182674
0.177144
0.183319
0.184733
0.173761
0.206765
0.184772
0.187875
0.187407
0.191705
0.183593
0.176913
0.178389
0.193449
0.192813
0.189923
0.186748
0.183291
0.161621
0.15368
0.156321
0.153921
0.153816
0.15225
0.14877
0.157843
0.158863
0.153266
0.216937
0.208705
0.201775
0.197189
0.204656
0.196252
0.200509
0.200195
0.203918
0.213073
0.194602
0.184577
0.189543
0.188061
0.185748
0.191735
0.192842
0.195645
0.191886
0.208678
0.182259
0.175031
0.17614
0.16855
0.172979
0.167966
0.172953
0.167259
0.165288
0.170163
0.227536
0.226132
0.241723
0.232236
0.24162
0.245224
0.244607
0.233754
0.239612
0.267007
0.226329
0.232272
0.218876
0.212084
0.214746
0.23698
0.237189
0.214062
0.214172
0.213407
0.167856
0.17304
0.168087
0.179213
0.229429
0.159906
0.159425
0.165208
0.173269
0.165456
0.227711
0.218793
0.237023
0.244329
0.209619
0.212305
0.226612
0.235999
0.233471
0.24156
0.239011
0.232272
0.257841
0.229566
0.222658
0.229549
0.232099
0.232995
0.23082
0.231459
0.194826
0.190725
0.179053
0.185875
0.181712
0.185509
0.185892
0.185822
0.1896
0.183802
0.283505
0.279335
0.278438
0.258996
0.2789
0.265884
0.26361
0.271212
0.255215
0.270104
0.242991
0.232551
0.244763
0.240629
0.231857
0.2303
0.253444
0.244893
0.231341
0.240055
0.185734
0.186638
0.179865
0.186087
0.183124
0.180876
0.183033
0.201121
0.199746
0.188328
0.297787
0.285312
0.29761
0.278983
0.299865
0.28374
0.293369
0.288806
0.286235
0.308234
0.271775
0.27455
0.258081
0.266231
0.27312
0.271203
0.269039
0.279066
0.290595
0.26953
0.205268
0.1995
0.210386
0.20528
0.202906
0.208285
0.203119
0.207484
0.204507
0.202963
0.311085
0.351876
0.331245
0.31378
0.31526
0.318108
0.319095
0.308443
0.328524
0.309784
0.292426
0.287248
0.281683
0.287274
0.279365
0.304848
0.28664
0.299081
0.290327
0.278095
0.213466
0.213066
0.217825
0.213496
0.209351
0.215999
0.216846
0.211853
0.211762
0.203813
0.344227
0.350987
0.345358
0.349635
0.340276
0.346597
0.340636
0.339126
0.327321
0.357823
0.308288
0.315238
0.29662
0.332005
0.303537
0.362399
0.296233
0.306567
0.303811
0.317495
0.223005
0.216542
0.214303
0.225764
0.213566
0.221275
0.22788
0.220286
0.229868
0.223956
0.370258
0.407035
0.374647
0.356903
0.38393
0.357579
0.37548
0.379401
0.360653
0.402924
0.338602
0.31846
0.344985
0.345026
0.333149
0.364882
0.341514
0.329076
0.319076
0.342118
0.232376
0.223161
0.22833
0.226462
0.231198
0.22965
0.226185
0.229552
0.234233
0.22647
0.405392
0.367654
0.385382
0.399648
0.381476
0.360922
0.387325
0.374431
0.388179
0.406607
0.337211
0.352971
0.351685
0.34815
0.344676
0.344591
0.377034
0.376087
0.399824
0.373359
0.260373
0.26963
0.25123
0.253233
0.254691
0.253546
0.255373
0.257411
0.244267
0.249759
0.428795
0.40897
0.423898
0.4153
0.40693
0.420194
0.41803
0.413157
0.418975
0.414896
0.378893
0.389668
0.37123
0.428397
0.36659
0.408461
0.339587
0.359579
0.377433
0.406687
0.284067
0.254017
0.259263
0.254043
0.251398
0.258627
0.259329
0.256003
0.256871
0.262601
0.454333
0.460846
0.472762
0.446992
0.471141
0.436619
0.492913
0.439868
0.459002
0.441765
0.385036
0.425972
0.3906
0.414873
0.386819
0.383245
0.378105
0.38805
0.370542
0.391251
0.263195
0.264158
0.257773
0.258612
0.255085
0.258895
0.257831
0.254309
0.256641
0.2644
0.479932
0.467598
0.451233
0.447151
0.45348
0.455263
0.467084
0.451886
0.501217
0.477808
0.42369
0.410971
0.420894
0.412536
0.428497
0.40664
0.426094
0.419389
0.430757
0.41605
0.282599
0.278564
0.281538
0.290087
0.275139
0.281651
0.279024
0.281914
0.282993
0.277208
0.501468
0.516438
0.510144
0.498401
0.539267
0.554054
0.53274
0.525033
0.539527
0.538775
0.464272
0.46219
0.421675
0.385726
0.391337
0.378139
0.368241
0.36364
0.388401
0.380893
0.253017
0.252579
0.240606
0.252793
0.252998
0.260157
0.241635
0.266896
0.239646
0.241154
0.479348
0.470781
0.469719
0.448489
0.451996
0.445808
0.447719
0.437204
0.475485
0.470917
0.411617
0.417451
0.389695
0.406218
0.417624
0.410961
0.389457
0.388209
0.416881
0.40853
