1137
1114
1137
1127
1140
1152
1122
1153
1131
1149
930
922
918
915
927
920
910
903
910
906
1031
1043
1034
1021
1033
1027
1024
1019
1024
1044
2781
2781
2781
2757
2765
2795
2772
2800
2731
2753
2038
2063
2017
2070
2009
2036
2109
2054
2056
2063
2279
2304
2281
2277
2276
2269
2299
2273
2292
2275
4601
4600
4610
4640
4576
4623
4577
4609
4580
4614
3220
3275
3204
3226
3217
3182
3206
3217
3186
3225
3631
3603
3614
3624
3595
3623
3693
3635
3641
3579
6595
6605
6625
6591
6592
6632
6592
6580
6600
6571
4516
4553
4548
4519
4480
4473
4527
4476
4481
4555
4974
4964
4919
5016
4973
4979
4943
4970
4985
5021
8697
8719
8674
8683
8688
8706
8695
8729
8677
8658
5941
5936
5914
5942
5976
6037
6024
5938
5999
5987
6075
6087
6163
6115
6104
6164
6139
6073
6119
6097
10933
10877
10861
10884
10984
10937
10850
10927
10897
10835
7121
7017
7078
7083
6972
6997
7180
7010
7126
7058
7848
7821
7825
7738
7822
7842
7804
7838
7862
7839
13164
13154
13157
13144
13122
13145
13177
13253
13139
13214
8343
8332
8386
8380
8489
8518
8358
8349
8275
8331
9332
9341
9300
9357
9325
9323
9446
9302
9272
9302
15549
15487
15541
15535
15512
15431
15470
15523
15540
15498
9911
9837
9903
9827
9766
9823
9802
9902
9896
9845
10742
10741
10690
10707
10772
10742
10733
10750
10743
10768
17849
17800
17948
17879
17876
17938
17851
17860
17871
17830
11311
11359
11419
11294
11308
11293
11289
11325
11331
11338
12207
12077
12145
12159
12151
12121
12124
12115
12086
12122
20176
20284
20348
20270
20211
20344
20325
20272
20228
20221
12971
12938
12957
12991
12943
12932
12916
12982
12976
12996
13259
13200
13255
13305
13234
13215
13207
13266
13244
13275
22847
22792
22741
22762
22830
22796
22850
22737
22814
22744
14181
14110
14083
14167
14206
14154
14148
14082
14136
14083
14986
15008
15076
14973
15048
15012
14998
14925
15044
15058
25299
25303
25268
25334
25263
25274
25351
25380
25268
25288
15339
15431
15428
15316
15262
15517
15478
15384
15358
15320
16902
16928
16900
16932
16827
16786
16823
16953
16887
16943
27930
27922
27855
27848
27832
27858
27824
27854
27914
27842
16823
16788
16888
16667
16912
16755
16843
16732
16835
16779
18376
18577
18563
18568
18535
18426
18570
18652
18448
18475
30473
30379
30481
30515
30348
30506
30500
30440
30498
30372
18233
18156
18166
18179
18244
18125
18138
18247
18269
18274
20137
20164
20098
20097
20283
20117
20231
20106
20049
20220
33108
33092
33076
33076
33127
33163
33150
33095
33010
33021
19889
19738
19962
19684
19831
19859
19789
19739
19932
19797
21616
21680
21528
21545
21534
21521
21527
21587
21627
21567
35768
35710
35741
35748
35657
35752
35726
35679
35699
35773
21273
21204
21320
21271
21151
21345
21167
21304
21171
21193
23058
23184
23083
23133
23043
23171
23219
23185
23221
23191
38467
38521
38353
38430
38398
38429
38580
38483
38374
38537
22641
22696
22646
22734
22762
22728
22829
22748
22751
22727
24724
24655
24752
24776
24841
24644
24692
24664
24860
24757
41221
41100
41071
41040
41186
41078
41109
41155
41171
41078
24356
24372
24404
24416
24351
24389
24402
24422
24395
24386
25948
25958
25998
26086
25998
25960
26067
25960
26040
26045
43750
43715
43770
43889
43822
43903
43831
43970
43808
43912
26032
26058
26123
25995
26099
26105
26053
26091
25987
26077
27432
27370
27323
27517
27312
27336
27399
27431
27368
27386
46578
46475
46591
46573
46573
46526
46555
46545
46647
46520
27878
27908
27835
27832
27911
27884
27953
27935
27820
27902
28498
28542
28479
28562
28432
28494
28515
28478
28489
28571
49380
49351
49368
49396
49353
49264
49386
49325
49445
49402
29245
29377
29397
29290
29436
29370
29378
29530
29354
29396
30318
30194
30139
30128
30244
30285
30149
30224
30213
30167
52134
52247
52127
52233
52155
52173
52226
52160
52229
52180
30529
30424
30414
30528
30554
30547
30513
30413
30639
30512
32199
32430
32386
32288
32262
32270
32286
32459
32308
32293
54989
54999
54771
54847
55041
55162
55058
55164
55011
54986
31962
31895
31921
31846
31926
31820
31744
31823
31864
31878
34215
34111
34314
34113
34029
34179
34092
34089
34099
34221
57955
57876
57950
57814
57855
57990
57864
57912
57789
57983
33129
33259
33188
33424
33163
33204
33259
33315
33093
33080
36124
36220
36169
36123
36130
35928
36264
36111
36159
36106
60895
60837
60753
60663
60828
60817
60756
60704
60779
60862
34650
34751
34718
34706
34664
34871
34709
34566
34628
34700
38064
37819
38043
37893
37932
37953
38042
37926
37867
37992
63751
63721
63707
63758
63753
63732
63673
63736
63682
63662
36551
36273
36507
36017
36060
36368
36031
36038
36261
36191
39670
39641
39585
39517
39632
39654
39543
39662
39637
39578
66643
66665
66523
66539
66586
66580
66640
66541
66490
66592
37742
37874
37489
37579
37531
37595
37662
37639
37600
37514
41428
41321
41432
41273
41464
41590
41496
41432
41418
41402
69415
69610
69274
69546
69495
69642
69515
69611
69388
69433
39163
39118
39088
39012
39238
39310
39136
39275
39204
39285
43188
43142
43117
43116
43169
43166
43200
43064
43212
43057
72385
72522
72442
72542
72435
72361
72344
72503
72542
72479
40774
40966
40627
40823
40791
40891
40740
40859
40901
40831
44633
44645
44668
44602
44737
44765
44680
44814
44859
44780
75342
75358
75342
75428
75467
75413
75348
75324
75514
75339
42492
42451
42521
42784
42462
42527
42421
42633
42594
42623
46287
46092
46324
46207
46298
46166
46200
46168
46278
46229
