0.00809
0.008512
0.007596
0.006748
0.00697
0.007176
0.006603
0.007575
0.007029
0.007432
0.00549
0.004463
0.005027
0.004577
0.004704
0.004091
0.004668
0.004529
0.003909
0.003869
0.004871
0.004405
0.004098
0.004068
0.004441
0.004718
0.00416
0.003893
0.003701
0.005097
0.016915
0.015727
0.015162
0.014955
0.015361
0.014907
0.015338
0.015752
0.015884
0.014794
0.01062
0.00898
0.009435
0.00815
0.008831
0.008889
0.009715
0.009018
0.009232
0.009609
0.009897
0.00945
0.009082
0.009094
0.009635
0.009104
0.009806
0.009764
0.009233
0.009914
0.029831
0.028279
0.026267
0.026344
0.027388
0.025743
0.024636
0.032121
0.023506
0.023811
0.015101
0.013984
0.015024
0.013122
0.013439
0.015228
0.013362
0.015512
0.014637
0.016503
0.017361
0.014275
0.014669
0.015421
0.01487
0.015241
0.01508
0.014299
0.014545
0.01279
0.041451
0.037254
0.037692
0.036258
0.033584
0.033786
0.033799
0.033639
0.037453
0.034509
0.020559
0.01993
0.018309
0.019288
0.018116
0.017739
0.020774
0.019802
0.019091
0.017083
0.018782
0.018342
0.020163
0.018695
0.020009
0.018407
0.019259
0.018883
0.018079
0.019942
0.051645
0.044998
0.046199
0.044178
0.048754
0.047895
0.04863
0.049543
0.047615
0.045099
0.025809
0.025364
0.025463
0.025084
0.023742
0.024253
0.021986
0.023871
0.02447
0.02421
0.02651
0.024159
0.02364
0.023398
0.025598
0.023295
0.023814
0.023853
0.025086
0.024253
0.059752
0.055813
0.055383
0.059196
0.058115
0.059233
0.060924
0.060069
0.059587
0.057751
0.032332
0.031901
0.030011
0.030307
0.028075
0.030009
0.033554
0.031871
0.030139
0.031707
0.032274
0.030504
0.030705
0.031118
0.031323
0.031195
0.032767
0.031671
0.032477
0.032594
0.075943
0.070732
0.069918
0.071812
0.071087
0.074388
0.070475
0.075218
0.07164
0.072311
0.038091
0.03537
0.037469
0.036201
0.034487
0.036291
0.034641
0.037103
0.036061
0.034994
0.0403
0.036365
0.034088
0.03773
0.037888
0.038609
0.033978
0.034841
0.038145
0.036759
0.086716
0.083867
0.083001
0.083084
0.082317
0.080169
0.08428
0.083461
0.081218
0.084286
0.044691
0.039734
0.042895
0.042011
0.038434
0.037559
0.043186
0.04074
0.037703
0.040069
0.040547
0.039419
0.038928
0.037244
0.039234
0.042327
0.051677
0.042585
0.041158
0.0441
0.110234
0.096816
0.094475
0.093029
0.092799
0.095827
0.097085
0.093745
0.092813
0.091996
0.050152
0.047545
0.044164
0.048948
0.044169
0.049984
0.042815
0.041402
0.044567
0.045658
0.04928
0.046666
0.043568
0.047167
0.043318
0.048588
0.046071
0.04478
0.050706
0.043642
0.110889
0.100874
0.102243
0.103134
0.102296
0.101621
0.109348
0.101181
0.100114
0.102081
0.055845
0.05018
0.054097
0.049439
0.052563
0.049728
0.054051
0.053589
0.052746
0.047533
0.052082
0.053735
0.047652
0.051375
0.049925
0.050035
0.051373
0.048901
0.047097
0.048332
0.117732
0.124838
0.113658
0.118924
0.11192
0.113838
0.115281
0.115306
0.117415
0.115816
0.057921
0.056885
0.05291
0.058099
0.057842
0.054445
0.053211
0.055575
0.055956
0.0595
0.056578
0.053224
0.056111
0.059394
0.056077
0.056061
0.056625
0.057022
0.056661
0.05887
0.139355
0.142511
0.134977
0.136747
0.136235
0.13925
0.133383
0.138992
0.127147
0.123969
0.064277
0.066532
0.067602
0.066037
0.062773
0.067602
0.062992
0.062037
0.065958
0.062886
0.067604
0.070858
0.066396
0.066566
0.066388
0.063763
0.063725
0.065777
0.059713
0.060419
0.139687
0.135839
0.135579
0.136858
0.132646
0.138286
0.152349
0.132436
0.136285
0.13549
0.068534
0.063569
0.064114
0.064169
0.068642
0.065907
0.06971
0.07142
0.072844
0.108449
0.069166
0.067092
0.076104
0.069631
0.064605
0.068154
0.066524
0.074911
0.0681
0.073008
0.172557
0.169727
0.167524
0.152099
0.18288
0.164322
0.160405
0.162438
0.159344
0.158448
0.08426
0.073307
0.073513
0.073876
0.07816
0.074133
0.085407
0.074571
0.078691
0.077248
0.082051
0.080646
0.078716
0.077212
0.078469
0.078315
0.076148
0.079071
0.111325
0.078657
0.19567
0.179641
0.193588
0.180519
0.19084
0.185956
0.185015
0.186182
0.177337
0.178071
0.091462
0.099624
0.094107
0.090859
0.091481
0.088282
0.089086
0.092105
0.087389
0.090951
0.094289
0.090341
0.088187
0.090753
0.092445
0.093514
0.093185
0.08974
0.094509
0.094112
0.2072
0.203373
0.199424
0.195072
0.198972
0.20383
0.197295
0.197575
0.201622
0.193171
0.092987
0.088942
0.088573
0.09353
0.089581
0.089675
0.093454
0.095899
0.095133
0.089435
0.096769
0.098751
0.091599
0.091934
0.088562
0.096584
0.092308
0.092078
0.102663
0.093395
0.214059
0.213611
0.213069
0.206587
0.211905
0.212152
0.214727
0.21339
0.222917
0.215838
0.104797
0.099478
0.106233
0.103247
0.103137
0.095995
0.097282
0.103911
0.109835
0.0993
0.111063
0.104315
0.102265
0.106112
0.10374
0.112782
0.112496
0.102879
0.10311
0.111228
0.227889
0.233903
0.243934
0.23805
0.226852
0.232845
0.221176
0.235843
0.226695
0.227069
0.111955
0.104055
0.106208
0.106253
0.101263
0.107628
0.110887
0.113011
0.106707
0.111277
0.122117
0.117236
0.114326
0.110683
0.114412
0.113467
0.109928
0.107686
0.110518
0.110972
0.247417
0.238417
0.238368
0.237151
0.236939
0.240093
0.235376
0.238871
0.236153
0.246541
0.124151
0.119172
0.111303
0.112407
0.113248
0.116439
0.1078
0.112797
0.110861
0.113276
0.117993
0.121583
0.117691
0.122076
0.11611
0.112592
0.110359
0.116174
0.111832
0.111349
0.260504
0.255414
0.25186
0.248492
0.272005
0.255142
0.271436
0.247868
0.260021
0.249313
0.121061
0.115946
0.121787
0.118764
0.114955
0.113581
0.113012
0.114048
0.116549
0.117629
0.118706
0.11668
0.119132
0.128359
0.122987
0.121795
0.12198
0.122355
0.121511
0.124926
0.274447
0.262452
0.268627
0.265218
0.261205
0.271797
0.269981
0.280449
0.272662
0.276628
0.130677
0.135925
0.114574
0.125765
0.116183
0.117555
0.11903
0.114123
0.118068
0.121131
0.122519
0.123089
0.116965
0.11881
0.12099
0.114544
0.11606
0.121885
0.118354
0.116228
0.272181
0.276126
0.267308
0.245541
0.275561
0.263718
0.26885
0.263708
0.270637
0.266467
0.126641
0.123828
0.123144
0.114698
0.123835
0.124641
0.127593
0.117519
0.123818
0.116774
0.135148
0.131682
0.130499
0.175353
0.126858
0.211086
0.186208
0.138694
0.125579
0.125798
0.303962
0.284288
0.309484
0.32182
0.311245
0.310689
0.3134
0.303741
0.29765
0.296207
0.137116
0.132715
0.129342
0.135865
0.125151
0.125241
0.116963
0.123651
0.120969
0.119796
0.126682
0.125024
0.126969
0.117369
0.123818
0.120776
0.121266
0.137841
0.120554
0.124964
0.275676
0.27661
0.283858
0.273289
0.274146
0.271283
0.274183
0.270144
0.271443
0.271229
0.134763
0.124298
0.124883
0.124407
0.124004
0.130609
0.130321
0.122859
0.132296
0.126016
0.133857
0.126613
0.139242
0.131508
0.125592
0.136548
0.129926
0.126299
0.126559
0.124205
0.296313
0.286264
0.282653
0.310026
0.293874
0.308527
0.288562
0.313739
0.279904
0.305734
0.133771
0.139736
0.132759
0.137824
0.152478
0.141137
0.132856
0.131523
0.130795
0.131612
0.139222
0.133922
0.132133
0.13801
0.134191
0.13707
0.134632
0.130383
0.146497
0.138162
0.301348
0.336047
0.311583
0.303475
0.320456
0.321244
0.31116
0.2971
0.328994
0.303756
0.162907
0.136409
0.146219
0.136175
0.143406
0.142099
0.143416
0.135418
0.149205
0.145871
0.155771
0.148873
0.142233
0.155353
0.152014
0.149109
0.147223
0.166005
0.139075
0.152673
0.338278
0.345736
0.343289
0.354332
0.337977
0.310544
0.332399
0.33636
0.353913
0.454894
0.169394
0.205149
0.160383
0.157065
0.17836
0.157566
0.166496
0.153197
0.16125
0.155521
0.163879
0.184566
0.161306
0.159948
0.159693
0.179005
0.167621
0.15976
0.171498
0.179407
0.351169
0.332089
0.372533
0.335106
0.326372
0.343255
0.364699
0.374688
0.345843
0.365777
0.166589
0.154494
0.151347
0.164415
0.16304
0.145129
0.163362
0.149311
0.175172
0.146542
0.183135
0.154705
0.16911
0.17274
0.183597
0.177252
0.17085
0.174734
0.166399
0.177291
0.35908
0.3531
0.362414
0.379815
0.356482
0.370644
0.357678
0.356327
0.367483
0.368912
0.183758
0.164474
0.161851
0.163197
0.170388
0.161407
0.18134
0.155989
0.165786
0.159379
0.183008
0.17267
0.175244
0.196805
0.183113
0.160526
0.18239
0.183094
0.17062
0.172865
0.399682
0.37664
0.354864
0.352698
0.384782
0.359247
0.370731
0.353794
0.395304
0.355317
0.197653
0.174574
0.169369
0.185171
0.162604
0.172796
0.187421
0.172988
0.185887
0.174386
0.180249
0.17183
0.191163
0.181716
0.179682
0.182644
0.189779
0.17731
0.18068
0.181126
