1777
1625
1694
1632
1750
1620
1611
1532
1728
1544
1483
1464
1501
1464
1451
1489
1485
1500
1540
1490
1776
1730
1779
1797
1798
1796
1746
1780
1779
1839
3876
3816
4098
4219
3669
3890
3671
3793
3900
4013
3364
3374
3372
3386
3347
3388
3352
3407
3385
3367
4231
4150
4212
4163
4204
4157
4188
4193
4245
4174
6578
6416
6428
6167
6038
6726
6689
6060
6449
6106
5784
5870
5837
5828
5813
5836
5849
5876
5810
5841
6990
7232
7088
7117
7241
7153
7173
7188
7146
7249
9420
9005
9305
9341
9056
9106
8973
9127
9255
9066
7533
7496
7522
7553
7467
7462
7583
7556
7503
7538
9562
9536
9455
9468
9494
9596
9389
9610
9484
9530
12290
11929
12064
11833
11689
11951
12122
11795
12772
11696
9168
9185
9183
9156
9123
9184
9201
9232
9203
9122
11567
11593
11754
11721
11819
11469
11620
11696
11512
11707
14814
15000
15215
14562
15250
15562
15044
14845
14587
14498
12788
12807
12885
12869
12755
12851
12893
12946
12840
12767
15814
16030
15864
15898
15614
15975
15958
15865
15821
15811
17945
19182
18606
18406
17950
17424
18578
17665
17632
19048
14679
14768
14829
14716
14746
14743
14689
14699
14753
14762
18766
19200
18975
18783
19153
18955
19023
19244
19045
18992
21002
20805
20696
20988
21326
21344
21098
20672
21316
20975
16630
16540
16636
16627
16695
16776
16592
16669
16696
16730
21399
21245
21454
21323
21335
21100
21351
21570
21473
21227
24789
24212
24894
23991
24419
23608
24034
24010
24279
24440
18482
18493
18495
18602
18572
18573
18500
18591
18539
18503
23806
23903
23839
23693
23801
23867
23580
23729
23644
23879
27105
27844
27898
27407
28195
27475
27517
28370
27258
27137
20351
20383
20493
20455
20429
20268
20370
20325
20461
20447
25872
26219
26046
26133
26179
26265
26017
25984
26068
26105
31592
30829
32590
30910
30621
31808
32518
30167
31450
31283
25895
25851
25907
25880
25963
25919
25954
25813
25980
26070
27815
27937
27635
27752
27937
27906
27937
27956
27867
27934
36341
34181
35372
34236
33808
35569
34303
33911
34334
34935
28178
28132
28087
28045
28022
28054
28075
28027
28044
28010
34841
35179
35227
35003
35152
35216
34903
35215
34958
34900
37678
37921
37780
39029
39807
39322
37820
38468
36581
39767
30277
30290
30118
30289
30213
30129
30271
30005
30235
30269
39375
39838
39293
39517
39446
39276
39628
39346
39524
39161
40062
42064
41910
43102
42130
41371
42755
42337
41513
42761
32310
32352
32457
32192
32344
32223
32331
32251
32194
32365
42157
42268
42107
41791
42395
42058
41939
41912
42043
42490
46528
44880
46238
45194
48680
45184
44193
45327
47701
45124
34399
34302
34478
34334
34454
34314
34354
34500
34318
34500
44583
44520
44746
44617
45033
44757
44900
44936
44684
44522
47519
49234
49228
47871
48315
50798
49295
50918
49266
50414
36515
36435
36382
36546
36380
36404
36438
36433
36380
36338
47421
47506
47771
47419
47372
47451
47678
47656
47625
47432
50823
54971
51608
51977
51808
50157
50406
52136
51429
53955
38539
38503
38634
38570
38491
38546
38583
38491
38679
38593
50172
50299
50237
50487
49983
50161
50342
50113
49980
49999
58050
54925
56887
56200
57073
58625
56957
59709
59608
58877
40644
40720
40701
40565
40653
40676
40555
40657
40552
40632
53128
53141
53271
52871
52861
53191
52978
53020
53087
52782
59945
58757
61746
60063
59216
58849
61336
59245
58810
60587
42682
42648
42779
42710
42651
42722
42592
42674
42729
42682
55416
55867
55628
55519
55350
55547
55643
55873
55446
55603
63078
64481
64031
65110
65301
64875
64296
64692
61987
64916
44822
44685
44874
44795
44680
44660
44799
44817
44792
44822
58095
58489
58121
58215
58276
58194
58186
58353
58323
58007
69692
67910
68516
69164
65534
66982
66892
65732
69611
67794
49798
49728
49784
49707
49842
49802
49768
49786
49768
49788
60904
61165
61006
60583
61057
60711
60983
60961
60729
60832
71102
70890
70726
70717
69954
68623
70934
70440
77151
69187
56177
56257
56287
56154
56247
56216
56308
56271
56381
56173
62028
61977
62196
62298
61771
62572
61736
61973
61881
62103
77621
72931
74203
79073
75512
74506
73799
74348
75295
75123
58564
58513
58475
58564
58569
58643
58674
58736
58733
58477
64867
64925
65038
64647
64624
64963
64734
64692
64752
64727
78166
78334
80593
79692
81677
79351
79877
78751
80882
79474
60834
61007
60956
60862
60927
61025
60902
60990
61005
60844
76958
77171
76923
77351
77136
77411
77081
77376
77266
76992
84609
84906
83020
83512
83816
83356
81286
82151
83834
83099
63334
63244
63115
63219
63070
63411
63186
63466
63061
63289
83780
83094
82912
82962
83675
83413
83424
83363
83151
83356
85370
84998
86350
85722
87287
89148
89598
86993
87969
87948
65711
65648
65452
65436
65635
65693
65646
65525
65420
65646
86148
86543
86726
86887
86315
86349
86552
86355
86530
86549
88972
90381
92122
93864
89566
90637
93260
90631
89648
91847
67893
67794
67809
67854
67872
67851
67741
67829
67789
67939
89745
89399
89801
89379
89412
89102
89374
89312
88933
89307
95822
98678
97225
93584
96066
91711
95797
96721
93104
95289
70126
70219
70065
70079
70201
70171
70123
70246
70075
70203
92929
92479
92836
92608
92451
92487
92294
92730
92795
92679
98719
101902
102345
96096
97796
98136
97307
98146
100461
95316
72422
72674
72466
72475
72634
72347
72454
72389
72377
72512
95235
95268
95663
95440
95289
95466
94934
95469
95145
95479
103947
105211
101276
100845
105284
101432
105784
101417
102526
102705
74726
74672
74855
74711
74837
74801
74796
74739
74877
74866
98405
98247
98426
98244
97889
98279
98563
98755
98588
98246
