0.006824
0.005471
0.005314
0.005426
0.005471
0.004761
0.005116
0.004813
0.005563
0.004998
0.003114
0.004088
0.003218
0.002816
0.002736
0.002367
0.002927
0.003131
0.002687
0.003668
0.004061
0.003778
0.003564
0.003368
0.003463
0.00376
0.003617
0.003379
0.003325
0.003461
0.014717
0.013112
0.017171
0.013587
0.012806
0.013005
0.012116
0.012079
0.013844
0.01229
0.006096
0.005632
0.006021
0.005766
0.005121
0.006173
0.005775
0.007588
0.005479
0.005909
0.008232
0.007245
0.006932
0.006935
0.007076
0.006585
0.007025
0.006328
0.007374
0.006686
0.019658
0.020169
0.018833
0.018238
0.019479
0.020039
0.019407
0.018174
0.018637
0.018239
0.009531
0.009544
0.008915
0.009578
0.01018
0.009908
0.009614
0.009355
0.01028
0.00918
0.01288
0.011723
0.011615
0.012751
0.011003
0.011784
0.011364
0.012313
0.012475
0.012065
0.031382
0.031902
0.03023
0.030608
0.028966
0.029772
0.029129
0.034452
0.030324
0.029438
0.02179
0.014803
0.013346
0.013506
0.013804
0.013325
0.017084
0.012831
0.013198
0.013023
0.019424
0.017198
0.016807
0.016372
0.016149
0.015822
0.016566
0.016476
0.016602
0.01647
0.040802
0.039657
0.039053
0.039235
0.038432
0.038698
0.039481
0.038736
0.039509
0.038257
0.016506
0.016351
0.016317
0.014149
0.015724
0.015684
0.015355
0.015201
0.015355
0.015447
0.021118
0.019847
0.020529
0.020186
0.020528
0.020466
0.020454
0.020209
0.021691
0.020871
0.049171
0.050544
0.047667
0.050952
0.051303
0.050396
0.048456
0.049101
0.052148
0.048654
0.022404
0.02238
0.021534
0.02175
0.022005
0.021629
0.021391
0.020985
0.02098
0.02169
0.029081
0.028319
0.027058
0.027088
0.026211
0.027057
0.026589
0.027478
0.026715
0.026509
0.061395
0.059485
0.058136
0.057456
0.057628
0.058836
0.054607
0.054098
0.054445
0.054864
0.023934
0.023135
0.023261
0.024288
0.02227
0.021782
0.024207
0.022976
0.024268
0.022621
0.031379
0.030085
0.029998
0.028722
0.028977
0.02991
0.029044
0.030474
0.029519
0.031682
0.06891
0.070135
0.063854
0.067782
0.063571
0.066337
0.069454
0.064305
0.063611
0.065554
0.027067
0.026614
0.027367
0.032398
0.027848
0.027092
0.02717
0.042922
0.039931
0.040868
0.054791
0.050397
0.042169
0.036167
0.037168
0.033154
0.033622
0.033749
0.034222
0.032708
0.073116
0.070765
0.074831
0.072284
0.072776
0.075403
0.072
0.073011
0.074699
0.079115
0.032285
0.033003
0.036863
0.031953
0.03311
0.034065
0.033455
0.035248
0.034186
0.035059
0.047146
0.046465
0.046122
0.047066
0.045342
0.044965
0.04487
0.043445
0.045302
0.045708
0.095229
0.095578
0.094011
0.095235
0.0933
0.095765
0.100466
0.090852
0.095165
0.093103
0.036429
0.034701
0.036516
0.036799
0.034769
0.034948
0.03531
0.036165
0.0361
0.035993
0.048086
0.046178
0.046432
0.04722
0.047394
0.048705
0.045046
0.045803
0.045043
0.047764
0.107466
0.101142
0.106042
0.101392
0.111858
0.107853
0.104085
0.101273
0.106611
0.106072
0.047752
0.049395
0.045153
0.043729
0.044395
0.046319
0.045686
0.044872
0.045106
0.043646
0.049741
0.048163
0.047964
0.049037
0.049278
0.049037
0.050162
0.05014
0.047336
0.049088
0.118177
0.114602
0.117758
0.117726
0.119502
0.122312
0.163259
0.164903
0.163443
0.125104
0.051912
0.0489
0.046645
0.045925
0.044624
0.045705
0.045589
0.047454
0.045945
0.045669
0.060554
0.058431
0.061388
0.058305
0.059754
0.057742
0.059889
0.0595
0.057359
0.0585
0.120385
0.121142
0.116263
0.118175
0.120015
0.116069
0.116603
0.121268
0.11967
0.120635
0.050793
0.055135
0.049421
0.049187
0.049338
0.048792
0.050223
0.044825
0.046256
0.046868
0.06347
0.059995
0.060896
0.061716
0.066337
0.058918
0.069642
0.063507
0.06236
0.060499
0.122289
0.129341
0.130291
0.131999
0.12181
0.127869
0.130356
0.12694
0.139993
0.129334
0.054105
0.052733
0.05254
0.051988
0.051805
0.051549
0.053221
0.051893
0.051706
0.051781
0.071612
0.069537
0.070754
0.064642
0.065593
0.06747
0.065816
0.063997
0.065642
0.063695
0.133601
0.132093
0.132617
0.130286
0.127636
0.127695
0.16895
0.128334
0.137266
0.138804
0.05801
0.052076
0.052397
0.051586
0.052665
0.052076
0.052271
0.052287
0.051453
0.052167
0.070796
0.068091
0.068876
0.068525
0.067983
0.067622
0.069964
0.069262
0.069397
0.069673
0.141684
0.140865
0.140559
0.141036
0.150824
0.140723
0.137712
0.14149
0.150564
0.15287
0.060902
0.058422
0.057919
0.059077
0.06142
0.059149
0.059003
0.059385
0.05945
0.059056
0.080266
0.079896
0.079845
0.075875
0.077659
0.080466
0.076535
0.079159
0.079021
0.07683
0.169303
0.163824
0.159771
0.16139
0.162883
0.168006
0.161403
0.186072
0.160655
0.166685
0.064037
0.060433
0.062713
0.063376
0.062455
0.06225
0.061463
0.062428
0.061994
0.058375
0.079511
0.077094
0.077795
0.082765
0.083023
0.077218
0.07674
0.077614
0.082546
0.078422
0.166825
0.160794
0.1615
0.164179
0.167602
0.159771
0.164533
0.163536
0.163854
0.160051
0.061864
0.061442
0.064698
0.061807
0.062519
0.061546
0.060578
0.062646
0.061045
0.06039
0.083526
0.082618
0.081547
0.086444
0.081881
0.082431
0.0806
0.085147
0.083154
0.082968
0.17455
0.168571
0.175284
0.16953
0.184085
0.184252
0.184678
0.184721
0.1837
0.183657
0.07205
0.068942
0.072918
0.074011
0.067809
0.064113
0.063581
0.065341
0.064484
0.06483
0.094337
0.089737
0.087284
0.086133
0.084256
0.085205
0.088885
0.086011
0.084753
0.0858
0.181938
0.178351
0.199265
0.183178
0.192975
0.178831
0.180067
0.184365
0.184058
0.178694
0.067688
0.067674
0.071155
0.072798
0.067287
0.067506
0.073392
0.071854
0.067666
0.069109
0.09629
0.090793
0.093257
0.087784
0.091136
0.095797
0.088682
0.089527
0.085203
0.089785
0.196607
0.192768
0.190641
0.18989
0.200241
0.207079
0.204162
0.193689
0.190428
0.188385
0.077521
0.081058
0.074883
0.074604
0.074499
0.075367
0.074974
0.075326
0.074466
0.075596
0.095992
0.097207
0.093455
0.094123
0.09059
0.092812
0.096555
0.09478
0.099077
0.094773
0.220875
0.201481
0.209392
0.201859
0.199778
0.21349
0.202646
0.198982
0.203591
0.198116
0.085891
0.084869
0.083927
0.078514
0.09125
0.081691
0.084198
0.084214
0.086316
0.082343
0.095077
0.092908
0.095758
0.093413
0.092906
0.093905
0.094671
0.092989
0.094224
0.095397
0.220559
0.211616
0.211465
0.215478
0.214429
0.211188
0.213669
0.209211
0.230198
0.212478
0.089094
0.090532
0.091291
0.09131
0.088347
0.086764
0.088243
0.088257
0.086729
0.089159
0.100668
0.100685
0.105411
0.1034
0.099026
0.098885
0.098362
0.101837
0.099339
0.105537
0.249621
0.241348
0.245989
0.23661
0.241679
0.239304
0.245007
0.230583
0.236934
0.235169
0.101143
0.095055
0.08919
0.092094
0.091107
0.09245
0.090019
0.096847
0.091461
0.091215
0.121867
0.123965
0.121775
0.120693
0.11879
0.116657
0.120612
0.119329
0.121869
0.118495
0.238735
0.237334
0.233677
0.233686
0.2357
0.242705
0.234595
0.238421
0.239494
0.231225
0.099166
0.097293
0.094971
0.099446
0.095027
0.094541
0.096416
0.09616
0.098597
0.095918
0.131357
0.128726
0.129963
0.128412
0.136066
0.134495
0.125746
0.122967
0.126902
0.128124
0.249552
0.242574
0.246575
0.255962
0.240528
0.247136
0.246944
0.23957
0.256554
0.243853
0.101204
0.098542
0.098097
0.098764
0.108086
0.099347
0.099805
0.098027
0.100027
0.098546
0.13626
0.131265
0.130712
0.133761
0.129467
0.135577
0.14161
0.14493
0.134139
0.145787
0.270629
0.273708
0.273125
0.269935
0.252867
0.256757
0.266117
0.274284
0.249866
0.261734
0.114311
0.110345
0.102691
0.101837
0.101265
0.10254
0.100914
0.109201
0.1006
0.101084
0.139537
0.153685
0.143838
0.139047
0.135348
0.135443
0.139228
0.146507
0.14318
0.139365
0.27257
0.267392
0.277149
0.277585
0.276745
0.26409
0.276491
0.272799
0.273464
0.272417
0.10653
0.114703
0.108252
0.112672
0.104082
0.108727
0.104507
0.107861
0.114656
0.112681
0.155794
0.154103
0.153831
0.150289
0.151845
0.149607
0.153659
0.153349
0.144026
0.150541
0.2923
0.298742
0.284417
0.298846
0.295086
0.296795
0.3031
0.294868
0.294091
0.294886
0.117316
0.117308
0.115394
0.117863
0.118098
0.119638
0.116845
0.114733
0.109053
0.109192
0.148555
0.144811
0.147023
0.147937
0.145391
0.144743
0.149447
0.161004
0.153879
0.159441
0.299459
0.293677
0.282233
0.308461
0.289663
0.287355
0.287904
0.3066
0.291007
0.281925
0.114115
0.111488
0.114957
0.119847
0.119834
0.121876
0.118901
0.121052
0.120998
0.119492
0.164581
0.16047
0.16405
0.16178
0.160413
0.162951
0.162558
0.161994
0.16171
0.159504
