344
362
362
354
346
346
344
352
344
364
476
484
492
482
484
490
494
468
508
490
488
502
512
498
500
498
484
492
502
502
796
780
798
782
788
768
778
794
790
780
942
978
974
970
948
938
962
954
974
972
966
990
970
966
982
988
998
978
968
972
1236
1216
1222
1246
1220
1206
1210
1234
1202
1218
1420
1466
1420
1462
1446
1384
1442
1438
1436
1472
1462
1466
1436
1470
1424
1444
1466
1474
1436
1450
1646
1654
1668
1636
1644
1668
1670
1656
1650
1634
1946
1906
1906
1922
1958
1944
1918
1928
1928
1936
1916
1966
1960
1946
1966
1994
1968
1918
1948
1962
2074
2100
2070
2078
2086
2104
2102
2108
2070
2104
2400
2472
2384
2360
2462
2408
2420
2424
2378
2408
2420
2466
2454
2422
2462
2404
2374
2422
2452
2418
2512
2536
2516
2500
2494
2536
2498
2528
2496
2510
2880
2936
2910
2902
2906
2840
2882
2904
2906
2894
2896
2826
2920
2934
2876
2908
2876
2916
2894
2922
2956
2978
2990
2944
2970
2946
2988
2994
3000
3008
3394
3368
3388
3434
3384
3392
3434
3414
3372
3378
3356
3368
3372
3314
3388
3434
3358
3362
3458
3404
3378
3412
3388
3396
3408
3416
3410
3420
3410
3450
3902
3870
3866
3834
3822
3868
3878
3862
3846
3946
3906
3886
3906
3876
3900
3902
3868
3912
3842
3934
3936
3840
3866
3890
3852
3894
3866
3880
3876
3842
4338
4382
4300
4332
4270
4376
4298
4372
4358
4372
4454
4380
4396
4350
4336
4470
4322
4336
4348
4392
4266
4332
4308
4350
4378
4372
4404
4330
4288
4350
4832
4946
4874
4794
4882
4808
4912
4880
4944
4836
4864
4880
4794
4876
4842
4842
4866
4824
4884
4796
4766
4878
4810
4800
4878
4864
4812
4802
4872
4856
5352
5242
5324
5328
5348
5366
5276
5316
5338
5318
5310
5326
5246
5336
5260
5358
5374
5340
5314
5296
5270
5258
5268
5262
5254
5266
5214
5276
5258
5256
5842
5752
5720
5832
5828
5830
5744
5840
5812
5794
5808
5752
5766
5864
5838
5722
5850
5922
5814
5800
5756
5700
5804
5736
5684
5708
5770
5746
5738
5716
6376
6288
6328
6242
6352
6312
6316
6286
6286
6176
6306
6304
6220
6364
6346
6294
6242
6216
6246
6236
6238
6226
6268
6276
6230
6240
6258
6240
6164
6262
6866
6748
6848
6782
6782
6786
6740
6838
6720
6724
6772
6806
6802
6796
6718
6754
6766
6766
6802
6752
6716
6734
6664
6738
6682
6834
6784
6768
6656
6710
7282
7236
7282
7278
7236
7206
7226
7290
7236
7276
7178
7336
7274
7314
7212
7272
7208
7204
7280
7306
7184
7180
7230
7230
7228
7158
7236
7236
7228
7160
7804
7768
7674
7758
7736
7768
7792
7758
7796
7796
7732
7866
7778
7792
7758
7740
7766
7850
7776
7844
7678
7734
7710
7688
7672
7646
7720
7730
7738
7654
8268
8270
8216
8228
8270
8336
8184
8220
8228
8216
8110
8190
8306
8204
8288
8288
8278
8194
8248
8178
8170
8314
8256
8124
8176
8224
8224
8246
8186
8144
8724
8692
8740
8752
8636
8668
8652
8612
8692
8774
8622
8740
8640
8690
8726
8744
8742
8674
8700
8724
8694
8790
8732
8660
8834
8734
8578
8606
8606
8652
9192
9262
9222
9180
9206
9150
9042
9184
9266
9254
9154
9208
9246
9238
9272
9260
9074
9108
9186
9164
9202
9134
9150
9082
9170
9272
9214
9264
9274
9162
9738
9680
9700
9730
9730
9736
9662
9724
9702
9604
9648
9628
9670
9662
9708
9734
9664
9700
9542
9730
9796
9670
9814
9748
9664
9772
9638
9748
9808
9748
10074
10144
10150
10128
10190
10240
10210
10158
10154
10182
10136
10124
10238
10234
10140
10186
10172
10080
10192
10136
10244
10190
10308
10252
10232
10234
10270
10222
10318
10280
10670
10682
10714
10674
10632
10656
10544
10642
10606
10650
10554
10628
10722
10624
10616
10668
10658
10592
10620
10748
10750
10788
10746
10634
10796
10728
10712
10744
10694
10744
11100
11162
11078
11096
11026
11208
11162
11138
11180
11144
11106
11130
11090
11206
11064
11262
11126
11074
11094
11146
11208
11316
11294
11390
11188
11360
11264
11146
11280
11316
11656
11628
11650
11580
11636
11752
11520
11704
11600
11566
11624
11684
11618
11646
11616
11630
11624
11592
11586
11562
11948
11866
11894
11866
11850
11796
11830
11724
11834
11944
12054
12148
12002
12082
11968
12112
12146
12202
12068
12042
12040
12122
12154
12074
12272
12124
12086
12112
12064
12052
12446
12440
12446
12428
12320
12322
12324
12226
12390
12326
12586
12522
12630
12624
12504
12564
12610
12720
12518
12622
12584
12616
12608
12600
12548
12724
12524
12708
12570
12604
12766
12938
12944
12894
12898
12906
12914
12870
13034
12836
13020
13078
13064
12954
13106
12972
13040
13234
13100
13038
13066
13140
13070
13102
13064
13072
13078
13056
13076
13056
13272
13352
13496
13382
13432
13438
13280
13558
13430
13416
13458
13630
13582
13480
13408
13522
13700
13458
13620
13556
13676
13528
13442
13528
13616
13596
13538
13576
13592
13496
13990
14008
14070
14008
13884
13880
13990
13912
13850
13904
13954
14008
14078
14030
13964
14052
13982
13920
14008
14022
14052
14008
14176
13886
13902
13992
14008
14082
14038
14018
14466
14498
14522
14530
14384
14506
14602
14500
14500
14554
14600
14578
14480
14522
14442
14470
14486
14766
14552
14484
14604
14604
14468
14674
14550
14534
14460
14580
14624
14492
