932
826
930
945
882
872
1104
850
1022
981
1329
1242
1228
1289
1293
1966
1097
1604
1174
1156
1583
1369
1523
1391
1514
1431
1564
1451
1546
1436
2565
2100
2354
2159
2156
2297
2081
2551
2245
2315
2710
2774
3053
3031
3038
3543
2945
3242
3142
2944
3211
3169
3223
3265
3227
3098
3252
3241
3225
3125
1247
1252
1243
1249
1245
1187
1282
1197
1214
1206
5144
5441
5144
5034
5363
5162
5582
5343
5403
5184
4350
4181
4344
4245
4444
4293
4345
4265
4387
4429
1823
1835
1878
1821
1833
1841
1843
1786
1780
1851
6613
7555
7121
7146
7754
6963
7081
6768
7014
6890
5535
5735
5823
5774
5756
5730
5718
5806
5835
5848
2503
2508
2533
2518
2574
2455
2543
2462
2534
2603
8983
8663
8974
9037
9487
9071
9717
9208
8669
8833
7295
7332
7389
7512
6885
7441
7146
7344
7085
7088
3211
3345
3264
3270
3298
3190
3260
3210
3263
3139
10714
11039
10806
10965
10434
10601
10673
10346
11010
11186
8725
8808
8735
8716
8476
8495
8445
8731
8533
8447
3999
3934
3991
3877
3961
4011
3961
3924
4000
3927
12450
12553
12424
12375
12525
12306
12656
12332
12813
12388
9941
10350
10321
10093
10071
10181
10088
10049
9830
10009
4728
4799
4809
4765
4727
4774
4814
4703
4791
4768
13729
14508
14168
14143
14680
14622
14602
14205
14427
14614
11602
11646
11630
11789
11436
11717
11956
11654
11639
11479
5771
5673
5550
5562
5622
5473
5572
5675
5529
5553
15807
16030
15852
15954
16475
15653
16777
15820
15997
15659
12914
12929
12965
12814
12926
13015
13273
12632
13011
12883
6363
6323
6549
6576
6404
6487
6416
6453
6597
6439
17460
17697
17447
17772
17776
17856
18161
19069
18068
18170
14753
14486
14414
14362
14356
14452
14285
14425
14453
13915
7508
7434
7380
7366
7300
7128
7181
7382
7274
7237
19928
20275
19793
19758
19298
19470
19726
19974
19653
19792
15810
15879
15538
16075
15779
15802
16028
15994
15635
16044
8459
8267
8306
8106
8375
8497
8152
8327
8241
8119
21462
21326
21470
21886
21497
21669
20993
21103
21802
21430
17079
17175
17330
17130
17233
17174
17823
17652
17441
17525
9080
9220
9165
9166
9170
9349
9297
9100
9234
9352
23668
23682
23330
23238
23399
23726
23156
23068
24204
23136
18508
18527
18799
18810
18625
19236
19057
18824
18938
18546
10004
9880
9957
10110
10237
10189
10223
10103
10168
10158
25812
25421
25085
25016
24613
26163
25062
25490
25245
25569
20273
19880
20313
20406
20281
20198
20443
20098
20497
20197
11190
11018
11179
10925
11105
10947
10827
10908
11102
10888
26707
26513
27577
27348
26585
27434
27054
26525
26304
26986
21556
21601
21524
21596
21625
21918
21727
21650
21720
21606
11997
12315
12424
11969
11832
12084
11916
12214
11884
12228
29080
28345
29097
28543
28511
29420
30233
28541
28366
29274
22948
23146
23285
23114
23329
23018
23162
23132
23188
23404
12895
12914
13019
13178
13041
13245
12862
13133
13004
13135
30964
31296
30665
30431
30833
30893
30856
30430
31454
30616
24642
24603
24529
25039
24352
24468
24618
24648
24721
24275
14108
14123
14082
13877
13935
14233
14155
14214
14048
14131
32400
31633
33295
33024
31757
32769
32030
32825
32005
32490
26187
25934
26198
26155
26116
25734
25796
26174
25892
25853
14827
15382
15193
15493
15059
15014
15075
15237
15056
15203
34273
34705
34139
34032
34292
34655
34153
34208
34533
34038
27334
27600
27291
27557
27625
27300
27114
27808
27649
27688
16181
16305
16055
16724
15874
16030
16049
16021
16021
16391
35716
36657
36241
36347
36289
35264
35458
35506
36108
36495
29247
29137
28362
28733
29049
28613
29148
29045
28744
28928
17344
17191
17218
17242
17545
17096
16853
16983
17161
17601
37918
38138
37153
37653
38354
37629
37975
37420
39074
37638
30698
30535
30306
30247
30711
30239
30366
30221
29858
30215
18127
18711
18233
18228
18573
18508
18233
18277
18594
18107
39381
39938
39982
39723
39799
39613
38880
39830
39994
39370
31841
31906
32009
31462
31910
31572
31672
31974
31836
32191
19425
19431
19681
19862
19006
19620
19491
19444
19227
19628
41189
41763
41507
41596
42396
41875
41180
41549
41410
42479
33717
33148
33453
33314
33051
33235
33345
33700
33297
33036
20808
20033
20245
20625
20439
20670
20345
20172
20701
20369
42917
43687
43882
43638
42996
42255
43001
44204
43557
42987
34707
34817
34942
34921
34733
34515
34718
34801
34598
34639
21731
21735
21595
21563
21857
21516
21502
21285
21469
21393
45875
45781
45384
44836
44351
45278
44771
45528
45278
45044
36093
36156
36440
36233
36441
36112
36231
36138
36123
36281
22805
22611
22276
21883
22968
22975
22153
22845
23168
22875
46236
46099
47110
47316
46921
46771
47049
47058
47330
47490
37517
37759
37952
37398
37952
37600
37541
37262
37717
37721
23944
24147
23689
23612
24103
23651
24071
23426
23754
24102
48157
48761
48766
48770
48742
48756
49044
48790
48603
48941
38921
39449
38872
39150
39116
39071
39497
39046
39454
38836
24732
25696
25322
24677
24638
24836
24351
25072
24389
25216
51170
51065
49935
50665
50144
50624
50777
50845
49865
50523
40342
40452
40422
40387
40645
40643
40743
40676
40202
40386
26107
25860
25863
26143
26313
26321
26087
26338
25976
25711
52392
52768
53060
52039
52307
52670
52413
52413
52286
53273
42008
41855
42268
41985
41919
41851
41783
42189
41938
42198
27156
27686
27172
27167
27102
27221
27167
27439
27327
26548
53640
54616
54639
53768
54208
54003
54152
54426
54237
54745
43520
43413
43519
43458
43300
43503
43134
43339
43718
43678
