0.006447
0.006104
0.006279
0.005252
0.005596
0.005191
0.005741
0.005586
0.006263
0.005171
0.005985
0.004732
0.004347
0.004363
0.005401
0.006935
0.005966
0.006186
0.004134
0.004779
0.004851
0.005698
0.004693
0.004276
0.004713
0.004329
0.005461
0.004793
0.004681
0.004116
0.014634
0.013409
0.012543
0.01239
0.012163
0.012297
0.012085
0.01206
0.01158
0.012
0.010127
0.011105
0.010885
0.011751
0.011425
0.012833
0.010225
0.010934
0.010583
0.010739
0.009814
0.008723
0.00898
0.008556
0.009197
0.009617
0.009922
0.009456
0.008802
0.008705
0.008336
0.007477
0.007537
0.007323
0.007701
0.007356
0.007575
0.007298
0.007104
0.007206
0.021559
0.025417
0.020485
0.020519
0.023175
0.019562
0.022998
0.020169
0.020928
0.021163
0.014973
0.012997
0.013559
0.013612
0.014484
0.014563
0.013594
0.012333
0.013137
0.013337
0.011353
0.012053
0.011988
0.011334
0.011033
0.011264
0.011087
0.010539
0.010645
0.010665
0.026334
0.029783
0.026253
0.026088
0.028235
0.029127
0.026936
0.025725
0.026133
0.02577
0.018536
0.017761
0.018133
0.017385
0.017812
0.018697
0.017654
0.017437
0.020363
0.017886
0.015111
0.015065
0.015139
0.015158
0.015242
0.01509
0.014931
0.015241
0.017525
0.014854
0.03486
0.035013
0.03345
0.037704
0.034448
0.033986
0.035958
0.034808
0.03491
0.034178
0.022282
0.022614
0.024047
0.022651
0.021125
0.022884
0.022818
0.023394
0.022273
0.022336
0.019198
0.019319
0.018884
0.019856
0.018869
0.018633
0.019621
0.018262
0.019275
0.018856
0.043732
0.04226
0.040218
0.039491
0.037035
0.040148
0.039956
0.039438
0.039808
0.043693
0.027073
0.026306
0.0273
0.026949
0.025505
0.024912
0.025491
0.027301
0.027932
0.025136
0.024201
0.024103
0.02373
0.023544
0.0242
0.023913
0.023235
0.024056
0.023326
0.024329
0.048547
0.047544
0.049536
0.045279
0.048544
0.049326
0.04721
0.047197
0.047865
0.050182
0.032277
0.031945
0.03141
0.028168
0.027672
0.032113
0.032318
0.031035
0.029787
0.029507
0.029919
0.028137
0.028226
0.02773
0.027359
0.026606
0.028669
0.027159
0.028011
0.027197
0.051713
0.054099
0.049648
0.052551
0.050923
0.050678
0.051756
0.050378
0.052095
0.054616
0.034032
0.033304
0.03786
0.03743
0.032892
0.035607
0.034066
0.038057
0.03217
0.033536
0.035522
0.033616
0.030928
0.030972
0.030672
0.031328
0.03236
0.030011
0.030148
0.030736
0.058998
0.056611
0.056274
0.055068
0.057968
0.065252
0.063858
0.060785
0.05812
0.059975
0.041097
0.038348
0.038155
0.037451
0.037674
0.039066
0.040841
0.037762
0.038804
0.038003
0.037365
0.040274
0.036388
0.035911
0.035347
0.043274
0.037011
0.036402
0.036465
0.036956
0.067794
0.073661
0.065266
0.064794
0.067491
0.065882
0.069664
0.070627
0.067172
0.068163
0.046282
0.04303
0.040559
0.043885
0.043665
0.039739
0.043295
0.043302
0.039896
0.039297
0.041972
0.045702
0.040947
0.039804
0.039194
0.039957
0.039586
0.039422
0.039335
0.039934
0.072545
0.07518
0.071513
0.068716
0.069866
0.073202
0.073066
0.072226
0.068118
0.070736
0.048879
0.045433
0.047502
0.047618
0.044632
0.047794
0.044073
0.048577
0.044988
0.043607
0.045853
0.044097
0.045583
0.04772
0.043983
0.04479
0.043242
0.045761
0.04593
0.044847
0.080653
0.077161
0.08381
0.080028
0.07828
0.088976
0.07678
0.079364
0.080175
0.078318
0.057988
0.052932
0.051748
0.050475
0.054777
0.051868
0.051636
0.051071
0.051858
0.051069
0.052314
0.052579
0.052302
0.050625
0.051723
0.051506
0.049449
0.051185
0.05109
0.052797
0.088211
0.091335
0.08686
0.086714
0.089821
0.088627
0.084725
0.085722
0.09187
0.085283
0.057813
0.056087
0.056621
0.056011
0.054256
0.057915
0.056649
0.05451
0.057289
0.0558
0.058646
0.055654
0.056765
0.056842
0.055522
0.055108
0.060951
0.055763
0.05645
0.056178
0.095312
0.094306
0.093516
0.092024
0.090742
0.098725
0.096107
0.096637
0.092772
0.092964
0.062923
0.060768
0.059324
0.059191
0.059287
0.060192
0.064906
0.060654
0.061162
0.059609
0.05881
0.061112
0.060739
0.057687
0.061912
0.058688
0.057312
0.056875
0.061605
0.060551
0.095539
0.097943
0.099856
0.099326
0.090736
0.101926
0.102206
0.102066
0.090499
0.094183
0.067627
0.065073
0.059468
0.06069
0.066451
0.061509
0.061111
0.057391
0.061036
0.065602
0.06713
0.064396
0.063803
0.063978
0.065089
0.062023
0.063735
0.067208
0.065979
0.071616
0.112571
0.104921
0.110852
0.106495
0.108516
0.106715
0.108074
0.110288
0.106016
0.106423
0.07122
0.068025
0.071911
0.069263
0.070273
0.066212
0.06568
0.06795
0.068772
0.071048
0.071896
0.070356
0.073632
0.071105
0.072011
0.072976
0.070581
0.0727
0.070666
0.071193
0.11182
0.116905
0.118748
0.116039
0.114297
0.130082
0.114451
0.110887
0.143894
0.116466
0.077143
0.077805
0.072016
0.069537
0.070883
0.067872
0.075502
0.068188
0.068806
0.067248
0.079359
0.074526
0.074993
0.074526
0.073878
0.077001
0.077625
0.07626
0.075732
0.077207
0.123667
0.117529
0.119979
0.121275
0.115535
0.124226
0.119818
0.117901
0.128136
0.120959
0.079506
0.074534
0.072902
0.074507
0.073246
0.072442
0.076793
0.080149
0.077788
0.074233
0.080903
0.079143
0.077739
0.077706
0.078318
0.076719
0.077648
0.084482
0.078337
0.081801
0.119048
0.123496
0.116365
0.121203
0.132056
0.120762
0.123048
0.119082
0.121706
0.124792
0.079546
0.076635
0.07787
0.074572
0.080523
0.073228
0.073515
0.07589
0.074348
0.073144
0.083058
0.086332
0.084163
0.083957
0.084787
0.085323
0.090066
0.083113
0.085691
0.085219
0.123672
0.133275
0.133584
0.132174
0.131168
0.135121
0.133222
0.129994
0.134522
0.137074
0.096201
0.085606
0.083804
0.087219
0.084919
0.087646
0.084622
0.089082
0.083317
0.0845
0.094059
0.094491
0.09292
0.093896
0.095628
0.095141
0.092745
0.093104
0.093197
0.088109
0.131979
0.132731
0.129551
0.14065
0.137906
0.13568
0.142073
0.137367
0.137068
0.140431
0.088337
0.092189
0.090441
0.088779
0.089889
0.087886
0.091557
0.086186
0.08395
0.090178
0.103223
0.098428
0.096685
0.099114
0.097812
0.097973
0.097858
0.098071
0.099166
0.097427
0.14666
0.153882
0.148969
0.150957
0.149885
0.150646
0.140594
0.148784
0.146486
0.144065
0.096279
0.092946
0.095533
0.092511
0.091077
0.09277
0.091022
0.087297
0.090332
0.090811
0.110694
0.097577
0.097128
0.096872
0.106362
0.100542
0.102775
0.103306
0.103142
0.102344
0.155161
0.148725
0.151908
0.154679
0.160158
0.165463
0.161999
0.161755
0.154686
0.155829
0.101079
0.100037
0.097467
0.099404
0.098142
0.098275
0.101935
0.093948
0.100202
0.094238
0.112688
0.108405
0.1095
0.111653
0.109536
0.111228
0.108966
0.109836
0.101157
0.108356
0.159176
0.158779
0.164609
0.172744
0.167184
0.158081
0.157443
0.158679
0.158941
0.156132
0.105156
0.103311
0.105884
0.100424
0.098545
0.0997
0.102678
0.098792
0.099987
0.108633
0.120641
0.115557
0.116865
0.115763
0.116667
0.117524
0.120095
0.116869
0.112984
0.115702
0.204012
0.167622
0.165749
0.163768
0.166109
0.169971
0.16713
0.173306
0.161641
0.165211
0.10994
0.107931
0.105373
0.102475
0.112401
0.106506
0.106806
0.102976
0.107314
0.108913
0.145599
0.123636
0.123104
0.12921
0.126596
0.132298
0.122666
0.122321
0.131272
0.124087
0.188799
0.17962
0.173854
0.195505
0.181095
0.184828
0.183867
0.172482
0.173613
0.173371
0.120486
0.10778
0.112614
0.112318
0.122551
0.123874
0.118178
0.129212
0.14325
0.117372
0.146285
0.129028
0.129297
0.148728
0.128954
0.141677
0.128208
0.139606
0.127101
0.12973
0.180917
0.170284
0.181852
0.171976
0.193726
0.177312
0.179966
0.177085
0.184261
0.172677
0.121888
0.132359
0.12053
0.117775
0.127576
0.120482
0.120102
0.120579
0.128714
0.122782
0.151709
0.138505
0.155477
0.132437
0.125762
0.128743
0.150335
0.130019
0.129572
0.125145
0.208189
0.19164
0.196765
0.195221
0.176778
0.191188
0.174962
0.195864
0.184826
0.192213
0.135235
0.139767
0.138534
0.140122
0.144981
0.125979
0.123466
0.123948
0.141484
0.130871
0.150998
0.14528
0.132583
0.134185
0.150343
0.135718
0.150311
0.130194
0.144219
0.132146
0.208414
0.186892
0.18105
0.192066
0.193041
0.188911
0.201892
0.187446
0.179207
0.204522
0.118756
0.141298
0.113809
0.135046
0.136914
0.134604
0.131715
0.138076
0.134651
0.126008
0.169342
0.136853
0.159689
0.153345
0.136881
0.136725
0.141095
0.142077
0.173726
0.136933
0.226633
0.210503
0.212139
0.189897
0.202338
0.188194
0.225151
0.203601
0.210896
0.189577
0.14227
0.145084
0.137239
0.135605
0.142792
0.139269
0.13785
0.135019
0.148354
0.139401
