0.008041
0.007936
0.007183
0.0077
0.007029
0.006852
0.006468
0.007204
0.006597
0.007295
0.005471
0.005933
0.006987
0.005661
0.005597
0.006586
0.005989
0.005425
0.007103
0.006285
0.006365
0.006734
0.007363
0.006759
0.006984
0.007304
0.006197
0.006589
0.007851
0.007507
0.016996
0.014837
0.015377
0.014386
0.014828
0.01412
0.014617
0.016054
0.016544
0.015189
0.011124
0.013181
0.01221
0.012308
0.011495
0.010948
0.011905
0.011825
0.012346
0.012887
0.012858
0.01405
0.012405
0.012592
0.013397
0.017729
0.013681
0.012716
0.01182
0.012709
0.021056
0.019153
0.019961
0.021399
0.020273
0.018713
0.018271
0.020131
0.01862
0.019272
0.017275
0.018715
0.015781
0.017521
0.01669
0.01472
0.017404
0.017725
0.018117
0.019044
0.018851
0.017961
0.01676
0.018004
0.015734
0.01774
0.018545
0.018567
0.016943
0.017324
0.023119
0.023379
0.024759
0.025406
0.023076
0.025459
0.024892
0.02382
0.02404
0.022285
0.027255
0.023867
0.023448
0.023415
0.026584
0.024052
0.023173
0.022927
0.022343
0.022599
0.021785
0.023822
0.023161
0.023055
0.023395
0.024854
0.025115
0.020971
0.022817
0.023921
0.023834
0.025695
0.02343
0.023544
0.024561
0.024843
0.025681
0.026099
0.023935
0.025406
0.026927
0.030677
0.028096
0.02561
0.030259
0.027684
0.026965
0.02782
0.026686
0.02709
0.028539
0.029844
0.029127
0.028378
0.034572
0.026309
0.025531
0.027976
0.028952
0.027593
0.027068
0.027942
0.026796
0.026321
0.026363
0.028187
0.025869
0.027885
0.025764
0.027138
0.032619
0.036319
0.033262
0.033225
0.034373
0.029521
0.03259
0.033323
0.032958
0.033275
0.0336
0.029218
0.033686
0.033552
0.031844
0.033617
0.032891
0.034402
0.03316
0.033801
0.031071
0.032545
0.03224
0.030742
0.033287
0.030527
0.032275
0.033298
0.033577
0.034896
0.039026
0.039928
0.042164
0.043021
0.040842
0.041491
0.044265
0.041728
0.041337
0.041532
0.03946
0.040388
0.039943
0.037212
0.043704
0.071614
0.043223
0.046454
0.047707
0.048185
0.045434
0.042544
0.039047
0.039988
0.043625
0.040861
0.040345
0.041088
0.041097
0.046891
0.055
0.056509
0.05363
0.05059
0.047758
0.052236
0.052887
0.051938
0.049982
0.053663
0.052278
0.050618
0.050778
0.05098
0.057273
0.052428
0.049814
0.051734
0.048751
0.052189
0.047049
0.048092
0.04671
0.047247
0.044764
0.046689
0.044397
0.044531
0.04596
0.043018
0.058167
0.06039
0.05418
0.062952
0.05459
0.057696
0.053853
0.057572
0.060006
0.05843
0.059504
0.057322
0.067622
0.053939
0.053893
0.060719
0.055818
0.054379
0.056614
0.057924
0.047797
0.048888
0.045511
0.047892
0.049456
0.049685
0.052686
0.048541
0.04427
0.05044
0.060323
0.067503
0.068284
0.060628
0.064092
0.059233
0.070971
0.070356
0.066587
0.066167
0.064124
0.063965
0.061623
0.063991
0.06344
0.06172
0.06652
0.05986
0.063214
0.060696
0.051562
0.055671
0.052882
0.050423
0.054943
0.055368
0.051205
0.051135
0.05512
0.053222
0.075298
0.065158
0.064908
0.065507
0.066526
0.067698
0.062973
0.065413
0.065752
0.06533
0.064465
0.066399
0.064031
0.064332
0.063357
0.067332
0.06932
0.065957
0.063873
0.065412
0.056552
0.060191
0.061028
0.062338
0.05644
0.062925
0.054872
0.05556
0.05674
0.05469
0.074139
0.072103
0.066147
0.067668
0.061774
0.062675
0.060404
0.064554
0.062533
0.060647
0.066743
0.058979
0.065332
0.06521
0.064128
0.058096
0.063394
0.070435
0.063079
0.06084
0.057601
0.049856
0.054919
0.060439
0.049315
0.049494
0.052666
0.052182
0.091769
0.057818
0.078951
0.076059
0.078464
0.071307
0.080939
0.068059
0.065842
0.071488
0.072843
0.096504
0.077658
0.076089
0.072427
0.09532
0.092757
0.071524
0.082451
0.085063
0.099475
0.070888
0.067168
0.072296
0.062842
0.063425
0.059566
0.060939
0.062649
0.060421
0.057483
0.061738
0.081956
0.080579
0.095372
0.077103
0.077958
0.077675
0.07681
0.080659
0.075866
0.073946
0.078201
0.079935
0.085003
0.084876
0.080173
0.078575
0.078285
0.082642
0.078069
0.076834
0.072986
0.072197
0.06426
0.067936
0.063198
0.072722
0.070321
0.068579
0.063705
0.071187
0.088231
0.082869
0.143491
0.14349
0.090191
0.097429
0.100218
0.089848
0.096263
0.090157
0.096226
0.095454
0.087786
0.090769
0.084333
0.084504
0.083507
0.080371
0.084009
0.084813
0.072195
0.06854
0.072348
0.072471
0.071991
0.072086
0.081029
0.076954
0.071127
0.066388
0.089506
0.086346
0.081608
0.088635
0.088157
0.083119
0.086571
0.090502
0.092832
0.090319
0.086944
0.092008
0.089384
0.091787
0.096586
0.092079
0.089324
0.094085
0.089935
0.09218
0.075261
0.078767
0.076784
0.076063
0.074597
0.071562
0.076079
0.078234
0.077393
0.074157
0.094323
0.096183
0.09283
0.093943
0.094732
0.097298
0.094681
0.094969
0.094408
0.093705
0.091798
0.092195
0.095883
0.092801
0.099373
0.094629
0.095004
0.091807
0.095209
0.094272
0.07997
0.093631
0.086301
0.082693
0.080391
0.088699
0.082283
0.085034
0.082587
0.08412
0.101019
0.103355
0.098966
0.101859
0.096837
0.099367
0.096513
0.100982
0.097815
0.102705
0.094101
0.09888
0.097852
0.097013
0.099721
0.101696
0.100646
0.097797
0.099022
0.1011
0.090017
0.091911
0.091822
0.089247
0.094073
0.094832
0.090253
0.087136
0.086581
0.090354
0.106438
0.10911
0.108778
0.113414
0.107898
0.104905
0.097216
0.101067
0.108111
0.105195
0.100158
0.106062
0.10717
0.108043
0.111906
0.115459
0.102916
0.10825
0.113756
0.117801
0.098734
0.095261
0.093345
0.091675
0.094979
0.100515
0.093847
0.099989
0.100015
0.093813
0.114764
0.118916
0.120248
0.117772
0.121811
0.13214
0.117574
0.121923
0.118109
0.11362
0.114381
0.11306
0.11522
0.117956
0.12011
0.131914
0.121594
0.124778
0.111492
0.119013
0.113167
0.104708
0.113892
0.108724
0.105162
0.109691
0.105839
0.108297
0.118116
0.115176
0.111719
0.115966
0.113632
0.115098
0.108601
0.114053
0.116013
0.107567
0.108013
0.115773
0.114707
0.106995
0.112509
0.119044
0.109393
0.111681
0.116027
0.11413
0.112249
0.10867
0.113793
0.100335
0.12784
0.104431
0.107732
0.10353
0.10382
0.102829
0.107608
0.108997
0.123475
0.117391
0.116046
0.11952
0.126961
0.130132
0.114226
0.123087
0.11483
0.115741
0.117036
0.119559
0.118125
0.124542
0.120887
0.124213
0.123636
0.12953
0.119953
0.164267
0.121344
0.167935
0.129148
0.108341
0.134215
0.168206
0.131958
0.128886
0.114955
0.119581
0.131366
0.13565
0.129366
0.129147
0.126644
0.131474
0.12831
0.12665
0.127656
0.12524
0.127537
0.126282
0.127341
0.133335
0.124817
0.135683
0.126525
0.126573
0.224013
0.229812
0.122025
0.128401
0.112087
0.126314
0.111787
0.117469
0.110641
0.107177
0.132035
0.122527
0.13391
0.140935
0.143831
0.133775
0.132266
0.136957
0.134165
0.143926
0.133432
0.142792
0.168784
0.163165
0.288385
0.176812
0.17749
0.168989
0.157867
0.165122
0.145914
0.140963
0.139243
0.133776
0.131493
0.133186
0.132573
0.128248
0.128766
0.11722
0.119646
0.123474
0.144888
0.139117
0.126786
0.127451
0.125973
0.128608
0.129793
0.144363
0.135514
0.129824
0.136122
0.14524
0.140285
0.138671
0.143835
0.127721
0.147394
0.145868
0.15933
0.15015
0.176095
0.162143
0.165656
0.150778
0.158296
0.142265
0.144731
0.138836
0.147752
0.135391
0.144776
0.148099
0.158318
0.156851
0.153725
0.177028
0.167212
0.173446
0.16668
0.172918
0.177214
0.173841
0.175766
0.175321
0.164138
0.178666
0.166304
0.171149
0.170315
0.167213
0.170497
0.15491
0.17509
0.163888
0.159657
0.175463
0.166133
0.155386
0.182089
0.192701
0.279147
0.19413
0.16917
0.160595
0.151091
0.14583
0.161788
0.158084
0.153999
0.147269
0.164312
0.165443
0.157683
0.169204
0.1532
0.153092
0.163406
0.149721
0.148655
0.150213
0.157414
0.145692
0.15814
0.143705
0.155408
0.168602
0.142482
0.169071
0.149166
0.176674
0.153407
0.156574
0.177839
0.151356
0.164412
0.142542
0.173006
0.147418
0.159147
0.162936
0.157502
0.160526
0.16909
0.162405
0.163181
0.162512
0.159269
0.167215
0.163463
0.169474
0.163308
0.164074
0.150228
0.16562
0.145508
0.164212
0.150239
0.160023
0.139717
0.152853
0.168221
0.163689
0.15992
0.166306
0.15573
0.158528
0.166128
0.145644
0.152752
0.1487
0.17707
0.175653
0.181756
0.1709
0.168971
0.176737
0.174951
0.177482
0.177014
0.247311
0.183679
0.176568
0.168804
0.172197
0.1579
0.190663
0.16533
0.183815
0.18275
0.168614
0.173516
0.166519
0.189719
0.173004
0.169079
0.187019
0.170065
0.19492
0.16859
0.165769
0.170616
0.188536
0.182913
0.186764
0.185703
0.185432
0.185101
0.185476
0.188348
0.18138
